MaxEnt_Example/PresentLayers/bio19.asc
NCOLS 182 
NROWS 155 
XLLCORNER -87.625 
YLLCORNER 24.5416666666667 
CELLSIZE 0.0416666666666666 
NODATA_value -1.7e+308 
[rows 0 to 28 of 155, columns 66 to 131 of 182]
-1.7e+308 -1.7e+308 -1.7e+308 -1.7e+308 -1.7e+308 -1.7e+308 -1.7e+308 -1.7e+308 -1.7e+308 -1.7e+308 -1.7e+308 -1.7e+308 -1.7e+308 -1.7e+308 -1.7e+308 -1.7e+308 -1.7e+308 -1.7e+308 -1.7e+308 -1.7e+308 -1.7e+308 -1.7e+308 -1.7e+308 -1.7e+308 -1.7e+308 -1.7e+308 -1.7e+308 -1.7e+308 -1.7e+308 -1.7e+308 -1.7e+308 -1.7e+308 -1.7e+308 -1.7e+308 -1.7e+308 -1.7e+308 -1.7e+308 -1.7e+308 -1.7e+308 -1.7e+308 -1.7e+308 -1.7e+308 -1.7e+308 -1.7e+308 -1.7e+308 -1.7e+308 -1.7e+308 -1.7e+308 -1.7e+308 -1.7e+308 -1.7e+308 -1.7e+308 -1.7e+308 -1.7e+308 -1.7e+308 -1.7e+308 -1.7e+308 -1.7e+308 -1.7e+308 -1.7e+308 -1.7e+308 -1.7e+308 -1.7e+308 -1.7e+308 -1.7e+308 -1.7e+308
-1.7e+308 -1.7e+308 -1.7e+308 -1.7e+308 -1.7e+308 -1.7e+308 -1.7e+308 -1.7e+308 -1.7e+308 -1.7e+308 -1.7e+308 -1.7e+308 -1.7e+308 -1.7e+308 -1.7e+308 -1.7e+308 -1.7e+308 -1.7e+308 -1.7e+308 -1.7e+308 -1.7e+308 -1.7e+308 -1.7e+308 -1.7e+308 -1.7e+308 -1.7e+308 -1.7e+308 -1.7e+308 -1.7e+308 -1.7e+308 -1.7e+308 -1.7e+308 -1.7e+308 -1.7e+308 -1.7e+308 -1.7e+308 -1.7e+308 -1.7e+308 -1.7e+308 -1.7e+308 -1.7e+308 -1.7e+308 -1.7e+308 -1.7e+308 -1.7e+308 -1.7e+308 -1.7e+308 -1.7e+308 -1.7e+308 -1.7e+308 -1.7e+308 -1.7e+308 -1.7e+308 -1.7e+308 -1.7e+308 -1.7e+308 -1.7e+308 -1.7e+308 -1.7e+308 -1.7e+308 -1.7e+308 -1.7e+308 -1.7e+308 -1.7e+308 -1.7e+308 -1.7e+308
-1.7e+308 -1.7e+308 -1.7e+308 -1.7e+308 -1.7e+308 -1.7e+308 -1.7e+308 -1.7e+308 -1.7e+308 -1.7e+308 -1.7e+308 -1.7e+308 -1.7e+308 -1.7e+308 -1.7e+308 -1.7e+308 -1.7e+308 -1.7e+308 -1.7e+308 -1.7e+308 -1.7e+308 -1.7e+308 -1.7e+308 -1.7e+308 -1.7e+308 -1.7e+308 -1.7e+308 -1.7e+308 -1.7e+308 -1.7e+308 -1.7e+308 -1.7e+308 -1.7e+308 -1.7e+308 -1.7e+308 -1.7e+308 -1.7e+308 -1.7e+308 -1.7e+308 -1.7e+308 -1.7e+308 -1.7e+308 -1.7e+308 -1.7e+308 -1.7e+308 -1.7e+308 -1.7e+308 -1.7e+308 -1.7e+308 -1.7e+308 -1.7e+308 -1.7e+308 -1.7e+308 -1.7e+308 -1.7e+308 -1.7e+308 -1.7e+308 -1.7e+308 -1.7e+308 -1.7e+308 -1.7e+308 -1.7e+308 -1.7e+308 -1.7e+308 -1.7e+308 -1.7e+308
-1.7e+308 -1.7e+308 -1.7e+308 -1.7e+308 -1.7e+308 -1.7e+308 -1.7e+308 -1.7e+308 -1.7e+308 -1.7e+308 -1.7e+308 -1.7e+308 -1.7e+308 -1.7e+308 -1.7e+308 -1.7e+308 -1.7e+308 -1.7e+308 -1.7e+308 -1.7e+308 -1.7e+308 -1.7e+308 -1.7e+308 -1.7e+308 -1.7e+308 -1.7e+308 -1.7e+308 -1.7e+308 -1.7e+308 -1.7e+308 -1.7e+308 -1.7e+308 -1.7e+308 -1.7e+308 -1.7e+308 -1.7e+308 -1.7e+308 -1.7e+308 -1.7e+308 -1.7e+308 -1.7e+308 -1.7e+308 -1.7e+308 -1.7e+308 -1.7e+308 -1.7e+308 -1.7e+308 -1.7e+308 -1.7e+308 -1.7e+308 -1.7e+308 -1.7e+308 -1.7e+308 -1.7e+308 -1.7e+308 -1.7e+308 -1.7e+308 -1.7e+308 -1.7e+308 -1.7e+308 -1.7e+308 -1.7e+308 -1.7e+308 -1.7e+308 -1.7e+308 -1.7e+308
-1.7e+308 -1.7e+308 -1.7e+308 -1.7e+308 -1.7e+308 -1.7e+308 -1.7e+308 -1.7e+308 -1.7e+308 -1.7e+308 -1.7e+308 -1.7e+308 -1.7e+308 -1.7e+308 -1.7e+308 -1.7e+308 -1.7e+308 -1.7e+308 -1.7e+308 -1.7e+308 -1.7e+308 -1.7e+308 -1.7e+308 -1.7e+308 -1.7e+308 -1.7e+308 -1.7e+308 -1.7e+308 -1.7e+308 -1.7e+308 -1.7e+308 -1.7e+308 -1.7e+308 -1.7e+308 -1.7e+308 -1.7e+308 -1.7e+308 -1.7e+308 -1.7e+308 -1.7e+308 -1.7e+308 -1.7e+308 -1.7e+308 -1.7e+308 -1.7e+308 -1.7e+308 -1.7e+308 -1.7e+308 -1.7e+308 -1.7e+308 -1.7e+308 -1.7e+308 -1.7e+308 -1.7e+308 -1.7e+308 -1.7e+308 -1.7e+308 -1.7e+308 -1.7e+308 -1.7e+308 -1.7e+308 -1.7e+308 -1.7e+308 -1.7e+308 -1.7e+308 -1.7e+308
-1.7e+308 -1.7e+308 -1.7e+308 -1.7e+308 -1.7e+308 -1.7e+308 -1.7e+308 -1.7e+308 -1.7e+308 -1.7e+308 -1.7e+308 -1.7e+308 -1.7e+308 -1.7e+308 -1.7e+308 -1.7e+308 -1.7e+308 -1.7e+308 -1.7e+308 -1.7e+308 -1.7e+308 -1.7e+308 -1.7e+308 -1.7e+308 -1.7e+308 -1.7e+308 -1.7e+308 -1.7e+308 -1.7e+308 -1.7e+308 -1.7e+308 -1.7e+308 -1.7e+308 -1.7e+308 -1.7e+308 -1.7e+308 -1.7e+308 -1.7e+308 -1.7e+308 -1.7e+308 -1.7e+308 -1.7e+308 -1.7e+308 -1.7e+308 -1.7e+308 -1.7e+308 -1.7e+308 -1.7e+308 -1.7e+308 -1.7e+308 -1.7e+308 -1.7e+308 -1.7e+308 -1.7e+308 -1.7e+308 -1.7e+308 -1.7e+308 -1.7e+308 -1.7e+308 -1.7e+308 -1.7e+308 -1.7e+308 -1.7e+308 -1.7e+308 -1.7e+308 -1.7e+308
-1.7e+308 -1.7e+308 -1.7e+308 -1.7e+308 -1.7e+308 -1.7e+308 -1.7e+308 -1.7e+308 -1.7e+308 -1.7e+308 -1.7e+308 -1.7e+308 -1.7e+308 -1.7e+308 -1.7e+308 -1.7e+308 -1.7e+308 -1.7e+308 -1.7e+308 -1.7e+308 -1.7e+308 -1.7e+308 -1.7e+308 -1.7e+308 -1.7e+308 -1.7e+308 -1.7e+308 -1.7e+308 -1.7e+308 -1.7e+308 -1.7e+308 -1.7e+308 -1.7e+308 -1.7e+308 -1.7e+308 -1.7e+308 -1.7e+308 -1.7e+308 -1.7e+308 -1.7e+308 -1.7e+308 -1.7e+308 -1.7e+308 -1.7e+308 -1.7e+308 -1.7e+308 -1.7e+308 -1.7e+308 -1.7e+308 -1.7e+308 -1.7e+308 -1.7e+308 -1.7e+308 -1.7e+308 -1.7e+308 -1.7e+308 -1.7e+308 -1.7e+308 -1.7e+308 -1.7e+308 -1.7e+308 -1.7e+308 -1.7e+308 -1.7e+308 -1.7e+308 -1.7e+308
352 353 355 355 355 354 355 355 357 356 356 357 357 -1.7e+308 -1.7e+308 -1.7e+308 -1.7e+308 -1.7e+308 -1.7e+308 -1.7e+308 -1.7e+308 -1.7e+308 -1.7e+308 -1.7e+308 -1.7e+308 -1.7e+308 -1.7e+308 -1.7e+308 -1.7e+308 -1.7e+308 -1.7e+308 -1.7e+308 -1.7e+308 -1.7e+308 -1.7e+308 -1.7e+308 -1.7e+308 -1.7e+308 -1.7e+308 -1.7e+308 -1.7e+308 -1.7e+308 -1.7e+308 -1.7e+308 -1.7e+308 -1.7e+308 -1.7e+308 -1.7e+308 -1.7e+308 -1.7e+308 -1.7e+308 -1.7e+308 -1.7e+308 -1.7e+308 -1.7e+308 -1.7e+308 -1.7e+308 -1.7e+308 -1.7e+308 -1.7e+308 -1.7e+308 -1.7e+308 -1.7e+308 -1.7e+308 -1.7e+308 -1.7e+308
352 353 354 354 354 356 355 356 354 354 356 356 355 353 355 353 353 353 354 353 353 353 351 348 347 344 341 337 334 331 327 324 321 -1.7e+308 -1.7e+308 -1.7e+308 -1.7e+308 -1.7e+308 -1.7e+308 -1.7e+308 -1.7e+308 -1.7e+308 -1.7e+308 -1.7e+308 -1.7e+308 -1.7e+308 -1.7e+308 -1.7e+308 -1.7e+308 -1.7e+308 -1.7e+308 -1.7e+308 -1.7e+308 -1.7e+308 -1.7e+308 -1.7e+308 -1.7e+308 -1.7e+308 -1.7e+308 -1.7e+308 -1.7e+308 -1.7e+308 -1.7e+308 -1.7e+308 -1.7e+308 -1.7e+308
354 353 353 354 353 355 354 354 355 355 356 355 353 353 354 355 353 355 355 356 354 353 353 351 350 346 342 339 336 331 328 325 321 319 316 313 311 309 306 307 306 307 309 308 310 312 312 312 311 308 -1.7e+308 -1.7e+308 -1.7e+308 -1.7e+308 -1.7e+308 -1.7e+308 -1.7e+308 -1.7e+308 -1.7e+308 -1.7e+308 -1.7e+308 -1.7e+308 -1.7e+308 -1.7e+308 -1.7e+308 -1.7e+308
351 352 352 352 354 353 354 354 353 355 355 353 353 353 355 356 355 355 355 355 355 354 355 355 350 346 343 339 335 332 328 326 321 320 317 314 312 310 309 309 310 310 310 312 312 315 315 313 311 310 307 305 302 300 299 296 294 292 289 287 285 283 280 277 -1.7e+308 -1.7e+308
349 350 350 351 351 350 352 353 352 353 354 352 352 352 355 354 353 354 354 354 355 355 357 356 351 346 343 339 335 332 330 325 322 320 318 315 314 312 311 310 310 312 313 313 314 317 318 315 312 310 307 305 302 299 297 295 293 292 289 287 285 283 280 -1.7e+308 -1.7e+308 -1.7e+308
348 347 348 349 350 350 349 350 351 350 350 352 352 354 354 353 352 353 353 353 354 355 355 355 350 346 342 338 335 332 329 327 323 320 319 317 316 314 313 312 313 312 312 314 315 317 317 314 311 309 306 303 302 299 296 294 292 289 289 286 284 282 280 276 -1.7e+308 -1.7e+308
345 345 346 347 348 348 347 348 349 350 350 349 349 350 352 352 351 350 350 352 352 354 353 352 347 344 342 337 335 332 329 326 324 322 319 317 315 315 313 312 313 313 313 314 315 315 315 313 311 308 306 302 299 297 294 293 291 289 287 286 284 282 280 277 -1.7e+308 -1.7e+308
343 343 344 344 345 344 346 347 347 348 348 349 348 348 349 349 349 350 349 349 352 352 351 349 345 343 339 337 334 331 328 326 324 322 320 318 316 315 314 313 313 313 314 314 315 314 312 311 309 306 303 301 298 296 294 291 290 288 286 285 284 282 280 277 -1.7e+308 -1.7e+308
342 342 342 342 343 344 344 346 346 345 346 347 347 346 346 346 345 346 346 346 346 346 346 345 342 341 339 336 334 330 329 326 324 321 319 317 316 315 315 314 314 314 313 313 314 314 311 308 305 302 300 298 295 293 291 289 287 286 285 283 282 282 280 278 274 272
341 341 339 340 341 342 342 343 343 343 344 344 344 344 344 345 344 343 343 343 343 343 343 340 339 338 336 333 331 329 326 324 323 321 318 318 316 315 315 313 313 312 312 311 311 311 310 308 303 300 297 295 293 290 289 288 287 284 283 283 282 282 280 278 276 272
339 340 339 338 339 340 340 341 341 341 340 341 341 342 342 342 341 341 340 340 340 340 339 338 337 335 333 330 330 328 325 323 321 320 318 317 316 315 313 313 312 311 310 310 309 309 306 305 302 299 296 293 290 289 287 285 284 284 283 283 282 282 280 279 277 273
339 338 337 337 337 338 337 338 338 338 339 339 338 339 339 339 339 338 340 337 337 337 336 335 334 332 330 329 327 325 323 322 320 319 317 316 315 313 313 311 311 309 309 307 305 305 303 302 300 297 294 291 289 286 284 283 283 282 282 281 282 280 279 277 276 273
337 335 335 335 334 336 335 336 336 336 336 336 336 336 337 336 337 337 337 335 334 334 334 333 331 329 329 326 324 322 321 320 319 318 316 315 314 313 311 310 309 307 306 304 302 301 299 299 295 294 291 288 285 284 282 282 281 282 281 281 280 279 279 277 276 273
335 334 334 333 333 333 333 333 333 333 333 333 332 334 334 334 334 334 333 332 332 331 331 330 328 327 326 323 322 320 319 318 317 316 314 313 312 311 309 308 306 305 303 301 299 297 295 293 292 289 287 285 284 281 280 280 280 280 281 280 279 279 278 277 274 272
333 332 331 331 331 330 330 331 331 331 331 331 331 330 330 330 330 330 330 329 329 328 328 327 325 324 322 322 319 318 316 316 315 314 314 311 310 309 308 306 305 303 300 297 295 293 290 289 287 286 283 282 280 280 279 279 278 279 279 278 279 278 277 276 273 272
329 329 328 327 328 328 328 328 329 328 328 328 -1.7e+308 -1.7e+308 -1.7e+308 -1.7e+308 -1.7e+308 -1.7e+308 -1.7e+308 -1.7e+308 -1.7e+308 -1.7e+308 325 323 322 322 319 319 317 316 315 314 313 312 311 309 308 306 304 304 303 300 296 293 290 287 285 284 282 281 280 279 278 278 279 279 279 278 278 277 278 277 277 274 272 271
327 326 326 324 324 325 325 325 324 324 325 325 -1.7e+308 -1.7e+308 -1.7e+308 -1.7e+308 -1.7e+308 -1.7e+308 -1.7e+308 -1.7e+308 -1.7e+308 -1.7e+308 -1.7e+308 -1.7e+308 320 319 317 316 316 313 313 312 311 310 310 308 306 305 302 300 298 295 291 288 285 281 280 277 277 276 276 275 276 277 277 277 278 278 278 277 277 276 275 273 272 270
324 323 322 321 321 322 322 322 321 321 -1.7e+308 -1.7e+308 322 -1.7e+308 -1.7e+308 -1.7e+308 -1.7e+308 -1.7e+308 -1.7e+308 -1.7e+308 -1.7e+308 -1.7e+308 -1.7e+308 -1.7e+308 -1.7e+308 -1.7e+308 314 314 313 311 311 310 309 309 308 305 304 302 299 297 293 288 285 280 277 274 272 272 272 271 272 273 274 274 277 276 277 278 278 277 276 276 274 274 271 270
320 319 319 318 318 318 318 320 319 319 320 320 320 -1.7e+308 -1.7e+308 -1.7e+308 -1.7e+308 -1.7e+308 -1.7e+308 -1.7e+308 -1.7e+308 -1.7e+308 -1.7e+308 -1.7e+308 -1.7e+308 -1.7e+308 -1.7e+308 -1.7e+308 311 309 308 308 307 306 305 303 301 299 295 292 287 283 278 273 270 267 266 266 266 267 268 270 272 274 276 276 277 276 276 276 275 276 274 273 271 270
315 315 315 316 316 316 316 317 -1.7e+308 -1.7e+308 -1.7e+308 -1.7e+308 -1.7e+308 -1.7e+308 -1.7e+308 -1.7e+308 -1.7e+308 -1.7e+308 -1.7e+308 -1.7e+308 -1.7e+308 -1.7e+308 -1.7e+308 -1.7e+308 -1.7e+308 -1.7e+308 -1.7e+308 -1.7e+308 -1.7e+308 307 306 305 305 304 304 301 298 296 292 288 282 276 271 266 263 260 259 259 260 263 264 266 269 273 273 275 277 277 278 275 276 274 274 272 270 269
312 312 312 312 313 313 -1.7e+308 -1.7e+308 -1.7e+308 -1.7e+308 -1.7e+308 -1.7e+308 -1.7e+308 -1.7e+308 -1.7e+308 -1.7e+308 -1.7e+308 -1.7e+308 -1.7e+308 -1.7e+308 -1.7e+308 -1.7e+308 -1.7e+308 -1.7e+308 -1.7e+308 -1.7e+308 -1.7e+308 -1.7e+308 -1.7e+308 -1.7e+308 303 303 303 301 300 299 296 293 289 283 276 267 261 256 252 250 251 253 255 258 261 265 268 272 274 275 276 276 276 277 275 275 274 272 270 268
-1.7e+308 307 309 309 -1.7e+308 -1.7e+308 -1.7e+308 -1.7e+308 -1.7e+308 -1.7e+308 -1.7e+308 -1.7e+308 -1.7e+308 -1.7e+308 -1.7e+308 -1.7e+308 -1.7e+308 -1.7e+308 -1.7e+308 -1.7e+308 -1.7e+308 -1.7e+308 -1.7e+308 -1.7e+308 -1.7e+308 -1.7e+308 -1.7e+308 -1.7e+308 -1.7e+308 -1.7e+308 -1.7e+308 300 300 299 298 297 295 291 285 277 269 260 252 245 242 241 242 245 248 253 257 262 266 269 273 275 276 277 277 277 275 274 273 271 270 266
