MaxEnt_Example/PresentLayers/bio14.asc
NCOLS 182 
NROWS 155 
XLLCORNER -87.625 
YLLCORNER 24.5416666666667 
CELLSIZE 0.0416666666666666 
NODATA_value -1.7e+308 
[rows 0 to 29 of 155, columns 0 to 66 of 182]
-169999999999999993883079578865998174333346074304075874502773119193537729178160565864330091787584707988572262467983188919169916105593357174268369962062473635296474636515660464935663040684957844303524367815028553272712298986386310828644513212353921123253311675499856875650512437415429217994623324794855339589632.000000000000000 81 81 82 82 81 81 81 80 80 80 81 82 82 82 82 82 83 83 83 83 83 84 84 84 84 84 85 85 85 84 84 84 83 83 83 82 82 81 81 81 80 80 79 79 78 78 77 76 75 74 74 73 72 71 70 70 69 69 68 68 67 66 -1.7e+308 -1.7e+308 -1.7e+308 -1.7e+308
-1.7e+308 82 82 83 83 83 83 82 82 82 83 83 83 83 83 83 83 84 84 84 85 85 85 85 85 85 86 86 86 85 85 85 85 85 84 84 83 83 82 82 82 81 80 80 79 79 78 77 77 76 75 74 74 73 72 71 71 70 70 69 69 68 67 -1.7e+308 -1.7e+308 -1.7e+308 -1.7e+308
82 83 83 84 84 84 84 83 83 84 85 84 84 84 85 84 84 85 85 86 86 86 86 87 87 86 87 87 87 86 86 86 86 86 85 85 85 84 84 82 82 81 81 80 80 79 79 78 77 76 76 75 74 74 73 72 71 71 70 70 70 69 68 68 -1.7e+308 -1.7e+308 -1.7e+308
83 84 85 85 85 85 85 84 85 86 86 86 85 85 85 85 86 86 87 87 88 88 88 89 88 88 89 88 88 87 87 87 87 86 86 86 85 85 84 84 83 82 81 81 80 80 79 79 78 77 76 76 75 74 74 73 72 72 71 71 70 70 69 69 68 -1.7e+308 -1.7e+308
-1.7e+308 85 86 86 86 86 86 86 86 87 87 88 87 86 86 87 87 87 88 89 89 90 90 90 90 90 90 89 89 89 88 88 88 87 87 86 86 85 85 84 83 83 82 82 81 81 80 79 78 78 77 76 76 75 75 74 74 73 72 72 71 71 71 70 69 -1.7e+308 -1.7e+308
-1.7e+308 -1.7e+308 87 87 88 88 88 87 88 89 89 89 89 88 87 88 89 89 90 90 91 91 91 90 89 90 89 90 90 90 90 89 89 88 87 87 86 86 85 85 84 84 83 82 82 81 81 80 79 79 78 77 77 76 76 75 75 74 74 73 73 72 72 71 71 -1.7e+308 -1.7e+308
-1.7e+308 -1.7e+308 -1.7e+308 88 89 90 90 89 89 90 90 90 90 89 89 89 90 90 91 90 90 90 89 88 88 88 88 88 89 89 90 91 90 89 89 88 87 87 86 85 85 84 84 83 83 82 81 80 80 79 79 79 78 77 77 76 76 75 74 74 74 74 73 73 73 72 -1.7e+308
-1.7e+308 -1.7e+308 -1.7e+308 -1.7e+308 -1.7e+308 91 92 91 91 91 92 91 91 91 90 90 90 90 89 89 88 87 86 86 85 85 86 86 87 88 89 90 90 90 89 88 88 88 88 87 86 85 84 84 83 83 82 81 81 80 80 80 79 78 77 77 76 76 76 75 75 75 74 74 73 73 73
-1.7e+308 -1.7e+308 -1.7e+308 -1.7e+308 -1.7e+308 -1.7e+308 93 93 92 92 93 93 93 92 90 90 89 89 87 86 85 85 84 84 85 85 85 86 86 87 87 88 89 90 90 89 89 89 88 87 87 86 85 85 84 83 83 82 82 81 81 80 80 80 79 79 78 78 77 76 76 76 76 75 75 74 74
-1.7e+308 -1.7e+308 -1.7e+308 -1.7e+308 -1.7e+308 92 92 92 91 91 91 92 91 90 88 88 87 86 85 85 84 84 83 83 83 83 83 83 84 85 86 87 88 88 89 90 90 89 89 88 88 87 86 85 85 84 84 84 83 83 82 82 82 81 81 80 79 79 78 78 78 77 77 76 76 76 76
-1.7e+308 -1.7e+308 -1.7e+308 -1.7e+308 -1.7e+308 90 89 89 90 89 89 -1.7e+308 89 88 87 86 85 85 84 84 83 82 81 81 81 80 80 81 82 83 84 86 87 87 88 89 90 90 90 89 89 88 87 87 87 86 85 85 84 84 83 83 82 81 81 81 80 80 79 79 79 78 78 77 78 78 77
-1.7e+308 -1.7e+308 -1.7e+308 -1.7e+308 89 87 86 86 88 89 89 -1.7e+308 -1.7e+308 87 -1.7e+308 85 85 84 83 82 81 80 79 79 79 78 78 79 80 81 83 84 85 86 87 88 89 89 90 90 89 88 88 88 87 87 86 85 84 84 83 83 83 82 82 82 81 81 80 80 80 79 79 79 79 79 78
-1.7e+308 -1.7e+308 -1.7e+308 -1.7e+308 -1.7e+308 85 83 84 86 88 89 -1.7e+308 -1.7e+308 86 -1.7e+308 -1.7e+308 83 82 81 80 79 78 77 76 76 76 76 -1.7e+308 79 80 82 83 -1.7e+308 85 86 87 88 88 89 89 90 89 89 89 88 88 87 86 86 85 84 84 84 83 83 83 82 82 81 81 81 81 80 80 80 80 79
-1.7e+308 -1.7e+308 -1.7e+308 -1.7e+308 -1.7e+308 -1.7e+308 -1.7e+308 83 85 86 87 -1.7e+308 -1.7e+308 -1.7e+308 -1.7e+308 -1.7e+308 82 81 80 78 77 76 75 75 75 75 -1.7e+308 -1.7e+308 -1.7e+308 -1.7e+308 -1.7e+308 -1.7e+308 -1.7e+308 -1.7e+308 -1.7e+308 86 87 88 88 89 89 90 90 90 89 89 88 87 86 86 85 85 84 84 84 84 84 83 83 82 81 80 80 81 81 81 80
-1.7e+308 -1.7e+308 -1.7e+308 -1.7e+308 -1.7e+308 85 84 84 84 -1.7e+308 -1.7e+308 -1.7e+308 -1.7e+308 83 83 82 -1.7e+308 -1.7e+308 -1.7e+308 -1.7e+308 -1.7e+308 75 74 -1.7e+308 74 -1.7e+308 -1.7e+308 76 77 78 -1.7e+308 81 82 83 -1.7e+308 -1.7e+308 86 87 88 88 89 90 91 90 90 89 89 88 88 87 86 86 85 85 85 85 85 85 83 82 80 80 80 81 81 82 81
-1.7e+308 -1.7e+308 -1.7e+308 -1.7e+308 -1.7e+308 85 85 84 84 -1.7e+308 84 -1.7e+308 -1.7e+308 -1.7e+308 82 -1.7e+308 -1.7e+308 -1.7e+308 -1.7e+308 -1.7e+308 -1.7e+308 -1.7e+308 -1.7e+308 -1.7e+308 -1.7e+308 -1.7e+308 -1.7e+308 -1.7e+308 -1.7e+308 -1.7e+308 -1.7e+308 -1.7e+308 -1.7e+308 83 84 85 86 87 88 89 89 90 91 91 91 90 89 89 88 88 87 87 86 86 86 86 86 85 83 82 81 81 81 81 81 81 81
-1.7e+308 -1.7e+308 -1.7e+308 87 -1.7e+308 -1.7e+308 85 -1.7e+308 -1.7e+308 -1.7e+308 -1.7e+308 -1.7e+308 -1.7e+308 -1.7e+308 -1.7e+308 -1.7e+308 -1.7e+308 -1.7e+308 -1.7e+308 -1.7e+308 -1.7e+308 -1.7e+308 -1.7e+308 -1.7e+308 -1.7e+308 -1.7e+308 -1.7e+308 -1.7e+308 -1.7e+308 -1.7e+308 -1.7e+308 -1.7e+308 -1.7e+308 -1.7e+308 -1.7e+308 -1.7e+308 85 86 87 88 89 89 90 90 91 91 90 90 89 89 88 88 88 88 88 87 86 85 84 83 82 81 81 81 81 82 82
-1.7e+308 -1.7e+308 -1.7e+308 -1.7e+308 -1.7e+308 -1.7e+308 -1.7e+308 -1.7e+308 -1.7e+308 -1.7e+308 -1.7e+308 -1.7e+308 -1.7e+308 -1.7e+308 -1.7e+308 -1.7e+308 -1.7e+308 -1.7e+308 -1.7e+308 -1.7e+308 -1.7e+308 -1.7e+308 -1.7e+308 -1.7e+308 -1.7e+308 -1.7e+308 -1.7e+308 -1.7e+308 -1.7e+308 -1.7e+308 -1.7e+308 -1.7e+308 -1.7e+308 -1.7e+308 -1.7e+308 -1.7e+308 -1.7e+308 -1.7e+308 -1.7e+308 87 87 87 88 -1.7e+308 -1.7e+308 90 90 90 90 90 89 89 89 88 88 87 86 85 85 84 83 82 82 82 82 82 82
-1.7e+308 -1.7e+308 -1.7e+308 -1.7e+308 -1.7e+308 -1.7e+308 -1.7e+308 -1.7e+308 -1.7e+308 -1.7e+308 -1.7e+308 -1.7e+308 -1.7e+308 -1.7e+308 -1.7e+308 -1.7e+308 -1.7e+308 -1.7e+308 -1.7e+308 -1.7e+308 -1.7e+308 -1.7e+308 -1.7e+308 -1.7e+308 -1.7e+308 -1.7e+308 -1.7e+308 -1.7e+308 -1.7e+308 -1.7e+308 -1.7e+308 -1.7e+308 -1.7e+308 -1.7e+308 -1.7e+308 -1.7e+308 -1.7e+308 -1.7e+308 -1.7e+308 -1.7e+308 -1.7e+308 86 86 86 86 -1.7e+308 -1.7e+308 88 87 87 88 88 88 88 87 87 87 86 85 84 83 83 82 82 82 82 82
-1.7e+308 -1.7e+308 -1.7e+308 -1.7e+308 -1.7e+308 -1.7e+308 -1.7e+308 -1.7e+308 -1.7e+308 -1.7e+308 -1.7e+308 -1.7e+308 -1.7e+308 -1.7e+308 -1.7e+308 -1.7e+308 -1.7e+308 -1.7e+308 -1.7e+308 -1.7e+308 -1.7e+308 -1.7e+308 -1.7e+308 -1.7e+308 -1.7e+308 -1.7e+308 -1.7e+308 -1.7e+308 -1.7e+308 -1.7e+308 -1.7e+308 -1.7e+308 -1.7e+308 -1.7e+308 -1.7e+308 -1.7e+308 -1.7e+308 -1.7e+308 -1.7e+308 -1.7e+308 -1.7e+308 -1.7e+308 -1.7e+308 84 84 -1.7e+308 85 84 83 83 84 85 87 87 87 87 87 86 85 85 84 83 83 83 82 82 82
-1.7e+308 -1.7e+308 -1.7e+308 -1.7e+308 -1.7e+308 -1.7e+308 -1.7e+308 -1.7e+308 -1.7e+308 -1.7e+308 -1.7e+308 -1.7e+308 -1.7e+308 -1.7e+308 -1.7e+308 -1.7e+308 -1.7e+308 -1.7e+308 -1.7e+308 -1.7e+308 -1.7e+308 -1.7e+308 -1.7e+308 -1.7e+308 -1.7e+308 -1.7e+308 -1.7e+308 -1.7e+308 -1.7e+308 -1.7e+308 -1.7e+308 -1.7e+308 -1.7e+308 -1.7e+308 -1.7e+308 -1.7e+308 -1.7e+308 -1.7e+308 -1.7e+308 -1.7e+308 -1.7e+308 -1.7e+308 -1.7e+308 -1.7e+308 -1.7e+308 81 -1.7e+308 80 79 78 80 81 83 85 87 87 87 87 86 85 85 84 83 83 82 82 82
-1.7e+308 -1.7e+308 -1.7e+308 -1.7e+308 -1.7e+308 -1.7e+308 -1.7e+308 -1.7e+308 -1.7e+308 -1.7e+308 -1.7e+308 -1.7e+308 -1.7e+308 -1.7e+308 -1.7e+308 -1.7e+308 -1.7e+308 -1.7e+308 -1.7e+308 -1.7e+308 -1.7e+308 -1.7e+308 -1.7e+308 -1.7e+308 -1.7e+308 -1.7e+308 -1.7e+308 -1.7e+308 -1.7e+308 -1.7e+308 -1.7e+308 -1.7e+308 -1.7e+308 -1.7e+308 -1.7e+308 -1.7e+308 -1.7e+308 -1.7e+308 -1.7e+308 -1.7e+308 -1.7e+308 -1.7e+308 -1.7e+308 -1.7e+308 -1.7e+308 -1.7e+308 -1.7e+308 76 -1.7e+308 -1.7e+308 76 78 80 82 85 86 87 87 87 86 85 84 83 83 83 82 82
-1.7e+308 -1.7e+308 -1.7e+308 -1.7e+308 -1.7e+308 -1.7e+308 -1.7e+308 -1.7e+308 -1.7e+308 -1.7e+308 -1.7e+308 -1.7e+308 -1.7e+308 -1.7e+308 -1.7e+308 -1.7e+308 -1.7e+308 -1.7e+308 -1.7e+308 -1.7e+308 -1.7e+308 -1.7e+308 -1.7e+308 -1.7e+308 -1.7e+308 -1.7e+308 -1.7e+308 -1.7e+308 -1.7e+308 -1.7e+308 -1.7e+308 -1.7e+308 -1.7e+308 -1.7e+308 -1.7e+308 -1.7e+308 -1.7e+308 -1.7e+308 -1.7e+308 -1.7e+308 -1.7e+308 -1.7e+308 -1.7e+308 -1.7e+308 -1.7e+308 -1.7e+308 -1.7e+308 -1.7e+308 70 70 -1.7e+308 75 -1.7e+308 79 82 84 86 86 86 86 85 84 83 83 82 82 82
-1.7e+308 -1.7e+308 -1.7e+308 -1.7e+308 -1.7e+308 -1.7e+308 -1.7e+308 -1.7e+308 -1.7e+308 -1.7e+308 -1.7e+308 -1.7e+308 -1.7e+308 -1.7e+308 -1.7e+308 -1.7e+308 -1.7e+308 -1.7e+308 -1.7e+308 -1.7e+308 -1.7e+308 -1.7e+308 -1.7e+308 -1.7e+308 -1.7e+308 -1.7e+308 -1.7e+308 -1.7e+308 -1.7e+308 -1.7e+308 -1.7e+308 -1.7e+308 -1.7e+308 -1.7e+308 -1.7e+308 -1.7e+308 -1.7e+308 -1.7e+308 -1.7e+308 -1.7e+308 -1.7e+308 -1.7e+308 -1.7e+308 -1.7e+308 -1.7e+308 -1.7e+308 -1.7e+308 -1.7e+308 -1.7e+308 -1.7e+308 71 72 -1.7e+308 77 79 81 83 84 85 85 85 84 83 83 82 82 82
-1.7e+308 -1.7e+308 -1.7e+308 -1.7e+308 -1.7e+308 -1.7e+308 -1.7e+308 -1.7e+308 -1.7e+308 -1.7e+308 -1.7e+308 -1.7e+308 -1.7e+308 -1.7e+308 -1.7e+308 -1.7e+308 -1.7e+308 -1.7e+308 -1.7e+308 -1.7e+308 -1.7e+308 -1.7e+308 -1.7e+308 -1.7e+308 -1.7e+308 -1.7e+308 -1.7e+308 -1.7e+308 -1.7e+308 -1.7e+308 -1.7e+308 -1.7e+308 -1.7e+308 -1.7e+308 -1.7e+308 -1.7e+308 -1.7e+308 -1.7e+308 -1.7e+308 -1.7e+308 -1.7e+308 -1.7e+308 -1.7e+308 -1.7e+308 -1.7e+308 -1.7e+308 -1.7e+308 -1.7e+308 -1.7e+308 -1.7e+308 -1.7e+308 71 73 75 77 78 80 81 83 84 84 84 83 83 82 82 82
-1.7e+308 -1.7e+308 -1.7e+308 -1.7e+308 -1.7e+308 -1.7e+308 -1.7e+308 -1.7e+308 -1.7e+308 -1.7e+308 -1.7e+308 -1.7e+308 -1.7e+308 -1.7e+308 -1.7e+308 -1.7e+308 -1.7e+308 -1.7e+308 -1.7e+308 -1.7e+308 -1.7e+308 -1.7e+308 -1.7e+308 -1.7e+308 -1.7e+308 -1.7e+308 -1.7e+308 -1.7e+308 -1.7e+308 -1.7e+308 -1.7e+308 -1.7e+308 -1.7e+308 -1.7e+308 -1.7e+308 -1.7e+308 -1.7e+308 -1.7e+308 -1.7e+308 -1.7e+308 -1.7e+308 -1.7e+308 -1.7e+308 -1.7e+308 -1.7e+308 -1.7e+308 -1.7e+308 -1.7e+308 -1.7e+308 -1.7e+308 -1.7e+308 -1.7e+308 -1.7e+308 73 75 76 78 79 80 81 82 82 83 82 82 82 81
-1.7e+308 -1.7e+308 -1.7e+308 -1.7e+308 -1.7e+308 -1.7e+308 -1.7e+308 -1.7e+308 -1.7e+308 -1.7e+308 -1.7e+308 -1.7e+308 -1.7e+308 -1.7e+308 -1.7e+308 -1.7e+308 -1.7e+308 -1.7e+308 -1.7e+308 -1.7e+308 -1.7e+308 -1.7e+308 -1.7e+308 -1.7e+308 -1.7e+308 -1.7e+308 -1.7e+308 -1.7e+308 -1.7e+308 -1.7e+308 -1.7e+308 -1.7e+308 -1.7e+308 -1.7e+308 -1.7e+308 -1.7e+308 -1.7e+308 -1.7e+308 -1.7e+308 -1.7e+308 -1.7e+308 -1.7e+308 -1.7e+308 -1.7e+308 -1.7e+308 -1.7e+308 -1.7e+308 -1.7e+308 -1.7e+308 -1.7e+308 -1.7e+308 -1.7e+308 -1.7e+308 -1.7e+308 73 74 75 76 77 78 79 80 81 81 82 81 81
-1.7e+308 -1.7e+308 -1.7e+308 -1.7e+308 -1.7e+308 -1.7e+308 -1.7e+308 -1.7e+308 -1.7e+308 -1.7e+308 -1.7e+308 -1.7e+308 -1.7e+308 -1.7e+308 -1.7e+308 -1.7e+308 -1.7e+308 -1.7e+308 -1.7e+308 -1.7e+308 -1.7e+308 -1.7e+308 -1.7e+308 -1.7e+308 -1.7e+308 -1.7e+308 -1.7e+308 -1.7e+308 -1.7e+308 -1.7e+308 -1.7e+308 -1.7e+308 -1.7e+308 -1.7e+308 -1.7e+308 -1.7e+308 -1.7e+308 -1.7e+308 -1.7e+308 -1.7e+308 -1.7e+308 -1.7e+308 -1.7e+308 -1.7e+308 -1.7e+308 -1.7e+308 -1.7e+308 -1.7e+308 -1.7e+308 -1.7e+308 -1.7e+308 -1.7e+308 -1.7e+308 -1.7e+308 -1.7e+308 72 73 74 75 75 76 77 78 79 80 81 81
-1.7e+308 -1.7e+308 -1.7e+308 -1.7e+308 -1.7e+308 -1.7e+308 -1.7e+308 -1.7e+308 -1.7e+308 -1.7e+308 -1.7e+308 -1.7e+308 -1.7e+308 -1.7e+308 -1.7e+308 -1.7e+308 -1.7e+308 -1.7e+308 -1.7e+308 -1.7e+308 -1.7e+308 -1.7e+308 -1.7e+308 -1.7e+308 -1.7e+308 -1.7e+308 -1.7e+308 -1.7e+308 -1.7e+308 -1.7e+308 -1.7e+308 -1.7e+308 -1.7e+308 -1.7e+308 -1.7e+308 -1.7e+308 -1.7e+308 -1.7e+308 -1.7e+308 -1.7e+308 -1.7e+308 -1.7e+308 -1.7e+308 -1.7e+308 -1.7e+308 -1.7e+308 -1.7e+308 -1.7e+308 -1.7e+308 -1.7e+308 -1.7e+308 -1.7e+308 -1.7e+308 -1.7e+308 -1.7e+308 -1.7e+308 71 72 73 73 74 74 75 76 78 79 -1.7e+308
-1.7e+308 -1.7e+308 -1.7e+308 -1.7e+308 -1.7e+308 -1.7e+308 -1.7e+308 -1.7e+308 -1.7e+308 -1.7e+308 -1.7e+308 -1.7e+308 -1.7e+308 -1.7e+308 -1.7e+308 -1.7e+308 -1.7e+308 -1.7e+308 -1.7e+308 -1.7e+308 -1.7e+308 -1.7e+308 -1.7e+308 -1.7e+308 -1.7e+308 -1.7e+308 -1.7e+308 -1.7e+308 -1.7e+308 -1.7e+308 -1.7e+308 -1.7e+308 -1.7e+308 -1.7e+308 -1.7e+308 -1.7e+308 -1.7e+308 -1.7e+308 -1.7e+308 -1.7e+308 -1.7e+308 -1.7e+308 -1.7e+308 -1.7e+308 -1.7e+308 -1.7e+308 -1.7e+308 -1.7e+308 -1.7e+308 -1.7e+308 -1.7e+308 -1.7e+308 -1.7e+308 -1.7e+308 -1.7e+308 -1.7e+308 70 70 71 71 72 72 73 74 75 -1.7e+308 78
