MaxEnt_Example/PresentLayers/bio17.asc
NCOLS 182 
NROWS 155 
XLLCORNER -87.625 
YLLCORNER 24.5416666666667 
CELLSIZE 0.0416666666666666 
NODATA_value -1.7e+308 
[rows 0 to 28 of 155, columns 66 to 131 of 182]
-1.7e+308 -1.7e+308 -1.7e+308 -1.7e+308 -1.7e+308 -1.7e+308 -1.7e+308 -1.7e+308 -1.7e+308 -1.7e+308 -1.7e+308 -1.7e+308 -1.7e+308 -1.7e+308 -1.7e+308 -1.7e+308 -1.7e+308 -1.7e+308 -1.7e+308 -1.7e+308 -1.7e+308 -1.7e+308 -1.7e+308 -1.7e+308 -1.7e+308 -1.7e+308 -1.7e+308 -1.7e+308 -1.7e+308 -1.7e+308 -1.7e+308 -1.7e+308 -1.7e+308 -1.7e+308 -1.7e+308 -1.7e+308 -1.7e+308 -1.7e+308 -1.7e+308 -1.7e+308 -1.7e+308 -1.7e+308 -1.7e+308 -1.7e+308 -1.7e+308 -1.7e+308 -1.7e+308 -1.7e+308 -1.7e+308 -1.7e+308 -1.7e+308 -1.7e+308 -1.7e+308 -1.7e+308 -1.7e+308 -1.7e+308 -1.7e+308 -1.7e+308 -1.7e+308 -1.7e+308 -1.7e+308 -1.7e+308 -1.7e+308 -1.7e+308 -1.7e+308 -1.7e+308
-1.7e+308 -1.7e+308 -1.7e+308 -1.7e+308 -1.7e+308 -1.7e+308 -1.7e+308 -1.7e+308 -1.7e+308 -1.7e+308 -1.7e+308 -1.7e+308 -1.7e+308 -1.7e+308 -1.7e+308 -1.7e+308 -1.7e+308 -1.7e+308 -1.7e+308 -1.7e+308 -1.7e+308 -1.7e+308 -1.7e+308 -1.7e+308 -1.7e+308 -1.7e+308 -1.7e+308 -1.7e+308 -1.7e+308 -1.7e+308 -1.7e+308 -1.7e+308 -1.7e+308 -1.7e+308 -1.7e+308 -1.7e+308 -1.7e+308 -1.7e+308 -1.7e+308 -1.7e+308 -1.7e+308 -1.7e+308 -1.7e+308 -1.7e+308 -1.7e+308 -1.7e+308 -1.7e+308 -1.7e+308 -1.7e+308 -1.7e+308 -1.7e+308 -1.7e+308 -1.7e+308 -1.7e+308 -1.7e+308 -1.7e+308 -1.7e+308 -1.7e+308 -1.7e+308 -1.7e+308 -1.7e+308 -1.7e+308 -1.7e+308 -1.7e+308 -1.7e+308 -1.7e+308
-1.7e+308 -1.7e+308 -1.7e+308 -1.7e+308 -1.7e+308 -1.7e+308 -1.7e+308 -1.7e+308 -1.7e+308 -1.7e+308 -1.7e+308 -1.7e+308 -1.7e+308 -1.7e+308 -1.7e+308 -1.7e+308 -1.7e+308 -1.7e+308 -1.7e+308 -1.7e+308 -1.7e+308 -1.7e+308 -1.7e+308 -1.7e+308 -1.7e+308 -1.7e+308 -1.7e+308 -1.7e+308 -1.7e+308 -1.7e+308 -1.7e+308 -1.7e+308 -1.7e+308 -1.7e+308 -1.7e+308 -1.7e+308 -1.7e+308 -1.7e+308 -1.7e+308 -1.7e+308 -1.7e+308 -1.7e+308 -1.7e+308 -1.7e+308 -1.7e+308 -1.7e+308 -1.7e+308 -1.7e+308 -1.7e+308 -1.7e+308 -1.7e+308 -1.7e+308 -1.7e+308 -1.7e+308 -1.7e+308 -1.7e+308 -1.7e+308 -1.7e+308 -1.7e+308 -1.7e+308 -1.7e+308 -1.7e+308 -1.7e+308 -1.7e+308 -1.7e+308 -1.7e+308
-1.7e+308 -1.7e+308 -1.7e+308 -1.7e+308 -1.7e+308 -1.7e+308 -1.7e+308 -1.7e+308 -1.7e+308 -1.7e+308 -1.7e+308 -1.7e+308 -1.7e+308 -1.7e+308 -1.7e+308 -1.7e+308 -1.7e+308 -1.7e+308 -1.7e+308 -1.7e+308 -1.7e+308 -1.7e+308 -1.7e+308 -1.7e+308 -1.7e+308 -1.7e+308 -1.7e+308 -1.7e+308 -1.7e+308 -1.7e+308 -1.7e+308 -1.7e+308 -1.7e+308 -1.7e+308 -1.7e+308 -1.7e+308 -1.7e+308 -1.7e+308 -1.7e+308 -1.7e+308 -1.7e+308 -1.7e+308 -1.7e+308 -1.7e+308 -1.7e+308 -1.7e+308 -1.7e+308 -1.7e+308 -1.7e+308 -1.7e+308 -1.7e+308 -1.7e+308 -1.7e+308 -1.7e+308 -1.7e+308 -1.7e+308 -1.7e+308 -1.7e+308 -1.7e+308 -1.7e+308 -1.7e+308 -1.7e+308 -1.7e+308 -1.7e+308 -1.7e+308 -1.7e+308
-1.7e+308 -1.7e+308 -1.7e+308 -1.7e+308 -1.7e+308 -1.7e+308 -1.7e+308 -1.7e+308 -1.7e+308 -1.7e+308 -1.7e+308 -1.7e+308 -1.7e+308 -1.7e+308 -1.7e+308 -1.7e+308 -1.7e+308 -1.7e+308 -1.7e+308 -1.7e+308 -1.7e+308 -1.7e+308 -1.7e+308 -1.7e+308 -1.7e+308 -1.7e+308 -1.7e+308 -1.7e+308 -1.7e+308 -1.7e+308 -1.7e+308 -1.7e+308 -1.7e+308 -1.7e+308 -1.7e+308 -1.7e+308 -1.7e+308 -1.7e+308 -1.7e+308 -1.7e+308 -1.7e+308 -1.7e+308 -1.7e+308 -1.7e+308 -1.7e+308 -1.7e+308 -1.7e+308 -1.7e+308 -1.7e+308 -1.7e+308 -1.7e+308 -1.7e+308 -1.7e+308 -1.7e+308 -1.7e+308 -1.7e+308 -1.7e+308 -1.7e+308 -1.7e+308 -1.7e+308 -1.7e+308 -1.7e+308 -1.7e+308 -1.7e+308 -1.7e+308 -1.7e+308
-1.7e+308 -1.7e+308 -1.7e+308 -1.7e+308 -1.7e+308 -1.7e+308 -1.7e+308 -1.7e+308 -1.7e+308 -1.7e+308 -1.7e+308 -1.7e+308 -1.7e+308 -1.7e+308 -1.7e+308 -1.7e+308 -1.7e+308 -1.7e+308 -1.7e+308 -1.7e+308 -1.7e+308 -1.7e+308 -1.7e+308 -1.7e+308 -1.7e+308 -1.7e+308 -1.7e+308 -1.7e+308 -1.7e+308 -1.7e+308 -1.7e+308 -1.7e+308 -1.7e+308 -1.7e+308 -1.7e+308 -1.7e+308 -1.7e+308 -1.7e+308 -1.7e+308 -1.7e+308 -1.7e+308 -1.7e+308 -1.7e+308 -1.7e+308 -1.7e+308 -1.7e+308 -1.7e+308 -1.7e+308 -1.7e+308 -1.7e+308 -1.7e+308 -1.7e+308 -1.7e+308 -1.7e+308 -1.7e+308 -1.7e+308 -1.7e+308 -1.7e+308 -1.7e+308 -1.7e+308 -1.7e+308 -1.7e+308 -1.7e+308 -1.7e+308 -1.7e+308 -1.7e+308
-1.7e+308 -1.7e+308 -1.7e+308 -1.7e+308 -1.7e+308 -1.7e+308 -1.7e+308 -1.7e+308 -1.7e+308 -1.7e+308 -1.7e+308 -1.7e+308 -1.7e+308 -1.7e+308 -1.7e+308 -1.7e+308 -1.7e+308 -1.7e+308 -1.7e+308 -1.7e+308 -1.7e+308 -1.7e+308 -1.7e+308 -1.7e+308 -1.7e+308 -1.7e+308 -1.7e+308 -1.7e+308 -1.7e+308 -1.7e+308 -1.7e+308 -1.7e+308 -1.7e+308 -1.7e+308 -1.7e+308 -1.7e+308 -1.7e+308 -1.7e+308 -1.7e+308 -1.7e+308 -1.7e+308 -1.7e+308 -1.7e+308 -1.7e+308 -1.7e+308 -1.7e+308 -1.7e+308 -1.7e+308 -1.7e+308 -1.7e+308 -1.7e+308 -1.7e+308 -1.7e+308 -1.7e+308 -1.7e+308 -1.7e+308 -1.7e+308 -1.7e+308 -1.7e+308 -1.7e+308 -1.7e+308 -1.7e+308 -1.7e+308 -1.7e+308 -1.7e+308 -1.7e+308
259 260 261 261 260 259 258 258 259 257 257 259 257 -1.7e+308 -1.7e+308 -1.7e+308 -1.7e+308 -1.7e+308 -1.7e+308 -1.7e+308 -1.7e+308 -1.7e+308 -1.7e+308 -1.7e+308 -1.7e+308 -1.7e+308 -1.7e+308 -1.7e+308 -1.7e+308 -1.7e+308 -1.7e+308 -1.7e+308 -1.7e+308 -1.7e+308 -1.7e+308 -1.7e+308 -1.7e+308 -1.7e+308 -1.7e+308 -1.7e+308 -1.7e+308 -1.7e+308 -1.7e+308 -1.7e+308 -1.7e+308 -1.7e+308 -1.7e+308 -1.7e+308 -1.7e+308 -1.7e+308 -1.7e+308 -1.7e+308 -1.7e+308 -1.7e+308 -1.7e+308 -1.7e+308 -1.7e+308 -1.7e+308 -1.7e+308 -1.7e+308 -1.7e+308 -1.7e+308 -1.7e+308 -1.7e+308 -1.7e+308 -1.7e+308
261 262 262 262 261 261 260 260 258 257 259 259 258 256 257 256 255 254 255 254 254 254 251 249 249 245 243 240 238 235 232 229 228 -1.7e+308 -1.7e+308 -1.7e+308 -1.7e+308 -1.7e+308 -1.7e+308 -1.7e+308 -1.7e+308 -1.7e+308 -1.7e+308 -1.7e+308 -1.7e+308 -1.7e+308 -1.7e+308 -1.7e+308 -1.7e+308 -1.7e+308 -1.7e+308 -1.7e+308 -1.7e+308 -1.7e+308 -1.7e+308 -1.7e+308 -1.7e+308 -1.7e+308 -1.7e+308 -1.7e+308 -1.7e+308 -1.7e+308 -1.7e+308 -1.7e+308 -1.7e+308 -1.7e+308
265 264 263 263 262 262 261 260 259 260 260 260 258 257 259 259 257 257 257 258 255 254 254 251 251 248 245 242 239 236 233 231 228 227 224 221 219 215 213 212 211 212 211 211 212 212 213 214 213 212 -1.7e+308 -1.7e+308 -1.7e+308 -1.7e+308 -1.7e+308 -1.7e+308 -1.7e+308 -1.7e+308 -1.7e+308 -1.7e+308 -1.7e+308 -1.7e+308 -1.7e+308 -1.7e+308 -1.7e+308 -1.7e+308
265 265 263 263 263 263 262 261 261 262 261 261 260 260 260 261 260 259 258 258 258 255 255 255 252 248 246 242 239 238 234 232 230 228 225 222 220 217 215 215 213 214 213 214 213 214 214 214 213 213 213 212 211 210 210 210 208 207 207 206 206 205 204 204 -1.7e+308 -1.7e+308
265 265 264 264 263 263 263 262 262 264 263 261 261 261 263 262 259 260 258 258 258 258 259 258 254 249 246 243 240 238 236 232 231 229 227 224 221 218 216 216 214 214 215 214 214 216 216 215 215 213 213 211 211 210 209 208 208 207 206 205 205 204 203 -1.7e+308 -1.7e+308 -1.7e+308
266 265 265 265 264 264 263 262 263 264 263 264 263 264 264 262 261 261 260 258 259 258 258 258 253 250 246 243 241 238 236 233 231 228 228 225 222 220 218 216 216 215 215 214 216 216 216 215 214 213 212 211 211 209 209 208 207 205 205 204 204 203 203 202 -1.7e+308 -1.7e+308
266 266 265 266 265 264 264 263 265 265 265 264 263 264 264 263 261 260 258 259 258 259 258 257 252 249 246 243 241 239 235 233 232 229 228 225 223 221 219 217 216 216 216 215 216 216 216 214 214 213 212 210 209 208 208 207 206 205 204 204 202 203 202 201 -1.7e+308 -1.7e+308
267 265 265 265 265 264 265 265 265 266 266 266 264 263 264 262 261 261 259 258 259 258 258 255 252 249 246 243 240 238 235 233 231 230 227 225 224 221 220 218 216 216 216 215 216 216 214 214 213 211 211 210 209 209 207 206 205 205 204 203 202 202 200 200 -1.7e+308 -1.7e+308
267 266 265 265 265 265 265 265 266 266 265 266 265 264 262 261 259 259 258 256 256 255 253 253 250 247 245 243 240 237 236 233 231 229 227 224 223 221 221 219 217 217 215 215 216 215 214 212 211 209 209 208 207 207 206 205 203 203 202 201 201 201 199 199 198 198
269 268 265 265 266 266 266 265 266 266 266 265 264 262 261 262 259 258 257 256 255 253 252 249 248 246 243 241 239 236 234 232 231 228 226 225 223 221 219 219 217 217 215 215 214 214 213 212 210 209 207 207 207 206 205 204 204 202 202 201 201 200 198 197 197 196
270 269 267 266 266 267 266 266 265 265 264 263 262 263 262 260 259 257 256 255 253 252 250 247 247 244 241 239 238 236 233 231 229 228 226 224 223 221 219 217 217 215 215 213 213 212 212 210 210 208 207 206 205 205 205 204 203 202 201 200 200 199 198 196 196 196
271 270 269 267 266 267 266 265 265 264 264 264 263 261 260 259 257 256 255 253 251 250 248 247 245 242 240 238 235 234 231 230 228 227 225 223 222 219 219 217 216 215 213 211 211 210 210 210 209 208 207 206 205 205 204 203 202 201 200 199 199 198 197 195 196 195
272 270 269 269 266 267 266 266 265 265 264 262 261 260 260 257 257 255 254 252 250 248 248 246 244 241 239 236 234 231 231 228 227 226 223 223 221 219 217 217 215 212 212 211 209 209 207 208 206 205 204 204 203 204 204 203 202 201 200 199 198 197 196 195 195 195
273 271 270 268 266 266 265 264 264 263 262 261 260 259 259 258 255 254 252 251 250 248 246 245 242 240 238 235 232 230 228 227 225 224 223 221 220 218 217 215 213 212 211 208 207 206 205 204 204 203 203 202 201 201 201 201 200 199 199 198 197 196 195 195 194 195
273 272 269 268 267 265 265 265 264 263 262 261 259 259 257 255 253 252 252 250 248 245 245 243 240 239 236 234 231 229 226 224 224 223 222 220 218 218 216 214 212 211 208 206 204 204 202 201 200 200 200 200 199 200 200 199 198 197 197 196 196 195 195 195 193 194
272 271 268 267 267 266 265 264 263 261 261 260 -1.7e+308 -1.7e+308 -1.7e+308 -1.7e+308 -1.7e+308 -1.7e+308 -1.7e+308 -1.7e+308 -1.7e+308 -1.7e+308 242 241 238 237 234 233 230 228 225 224 223 221 221 219 218 215 213 213 211 209 205 204 202 200 199 197 197 197 196 196 196 197 198 198 197 197 196 195 195 194 195 194 193 194
273 270 269 267 266 264 263 262 262 261 260 258 -1.7e+308 -1.7e+308 -1.7e+308 -1.7e+308 -1.7e+308 -1.7e+308 -1.7e+308 -1.7e+308 -1.7e+308 -1.7e+308 -1.7e+308 -1.7e+308 237 235 234 231 229 226 225 223 222 221 219 218 216 214 212 210 208 205 203 200 198 195 194 194 193 193 193 193 195 195 196 196 196 196 195 195 194 194 193 193 192 193
272 269 268 266 264 264 263 262 261 259 -1.7e+308 -1.7e+308 256 -1.7e+308 -1.7e+308 -1.7e+308 -1.7e+308 -1.7e+308 -1.7e+308 -1.7e+308 -1.7e+308 -1.7e+308 -1.7e+308 -1.7e+308 -1.7e+308 -1.7e+308 231 230 228 226 224 223 221 220 219 217 215 213 210 208 205 202 199 195 192 190 189 189 189 189 191 192 192 193 194 194 195 195 195 193 193 194 192 193 192 193
270 269 268 265 264 263 262 261 260 259 258 256 255 -1.7e+308 -1.7e+308 -1.7e+308 -1.7e+308 -1.7e+308 -1.7e+308 -1.7e+308 -1.7e+308 -1.7e+308 -1.7e+308 -1.7e+308 -1.7e+308 -1.7e+308 -1.7e+308 -1.7e+308 227 224 223 222 221 218 218 216 213 211 208 205 201 198 193 191 188 186 185 185 186 186 187 189 190 192 193 193 194 193 193 192 192 193 193 193 192 193
269 268 266 265 264 262 261 260 -1.7e+308 -1.7e+308 -1.7e+308 -1.7e+308 -1.7e+308 -1.7e+308 -1.7e+308 -1.7e+308 -1.7e+308 -1.7e+308 -1.7e+308 -1.7e+308 -1.7e+308 -1.7e+308 -1.7e+308 -1.7e+308 -1.7e+308 -1.7e+308 -1.7e+308 -1.7e+308 -1.7e+308 224 223 221 219 218 217 214 212 209 206 202 197 194 189 186 183 181 180 179 181 183 184 186 188 190 191 191 193 193 193 192 192 191 192 192 192 193
268 266 265 264 262 261 -1.7e+308 -1.7e+308 -1.7e+308 -1.7e+308 -1.7e+308 -1.7e+308 -1.7e+308 -1.7e+308 -1.7e+308 -1.7e+308 -1.7e+308 -1.7e+308 -1.7e+308 -1.7e+308 -1.7e+308 -1.7e+308 -1.7e+308 -1.7e+308 -1.7e+308 -1.7e+308 -1.7e+308 -1.7e+308 -1.7e+308 -1.7e+308 220 220 218 217 215 213 210 208 204 199 193 187 183 179 177 174 175 176 177 180 182 184 187 189 190 192 192 192 192 193 191 191 192 192 192 192
-1.7e+308 265 265 263 -1.7e+308 -1.7e+308 -1.7e+308 -1.7e+308 -1.7e+308 -1.7e+308 -1.7e+308 -1.7e+308 -1.7e+308 -1.7e+308 -1.7e+308 -1.7e+308 -1.7e+308 -1.7e+308 -1.7e+308 -1.7e+308 -1.7e+308 -1.7e+308 -1.7e+308 -1.7e+308 -1.7e+308 -1.7e+308 -1.7e+308 -1.7e+308 -1.7e+308 -1.7e+308 -1.7e+308 218 217 216 214 213 211 206 201 196 190 183 177 171 169 168 168 170 173 175 179 181 184 187 189 190 192 191 191 191 191 191 191 192 193 193
