MaxEnt_Example/PresentLayers/bio14.asc
NCOLS 182 
NROWS 155 
XLLCORNER -87.625 
YLLCORNER 24.5416666666667 
CELLSIZE 0.0416666666666666 
NODATA_value -1.7e+308 
[rows 0 to 29 of 155, columns 67 to 133 of 182]
-1.7e+308 -1.7e+308 -1.7e+308 -1.7e+308 -1.7e+308 -1.7e+308 -1.7e+308 -1.7e+308 -1.7e+308 -1.7e+308 -1.7e+308 -1.7e+308 -1.7e+308 -1.7e+308 -1.7e+308 -1.7e+308 -1.7e+308 -1.7e+308 -1.7e+308 -1.7e+308 -1.7e+308 -1.7e+308 -1.7e+308 -1.7e+308 -1.7e+308 -1.7e+308 -1.7e+308 -1.7e+308 -1.7e+308 -1.7e+308 -1.7e+308 -1.7e+308 -1.7e+308 -1.7e+308 -1.7e+308 -1.7e+308 -1.7e+308 -1.7e+308 -1.7e+308 -1.7e+308 -1.7e+308 -1.7e+308 -1.7e+308 -1.7e+308 -1.7e+308 -1.7e+308 -1.7e+308 -1.7e+308 -1.7e+308 -1.7e+308 -1.7e+308 -1.7e+308 -1.7e+308 -1.7e+308 -1.7e+308 -1.7e+308 -1.7e+308 -1.7e+308 -1.7e+308 -1.7e+308 -1.7e+308 -1.7e+308 -1.7e+308 -1.7e+308 -1.7e+308 -1.7e+308 -1.7e+308
-1.7e+308 -1.7e+308 -1.7e+308 -1.7e+308 -1.7e+308 -1.7e+308 -1.7e+308 -1.7e+308 -1.7e+308 -1.7e+308 -1.7e+308 -1.7e+308 -1.7e+308 -1.7e+308 -1.7e+308 -1.7e+308 -1.7e+308 -1.7e+308 -1.7e+308 -1.7e+308 -1.7e+308 -1.7e+308 -1.7e+308 -1.7e+308 -1.7e+308 -1.7e+308 -1.7e+308 -1.7e+308 -1.7e+308 -1.7e+308 -1.7e+308 -1.7e+308 -1.7e+308 -1.7e+308 -1.7e+308 -1.7e+308 -1.7e+308 -1.7e+308 -1.7e+308 -1.7e+308 -1.7e+308 -1.7e+308 -1.7e+308 -1.7e+308 -1.7e+308 -1.7e+308 -1.7e+308 -1.7e+308 -1.7e+308 -1.7e+308 -1.7e+308 -1.7e+308 -1.7e+308 -1.7e+308 -1.7e+308 -1.7e+308 -1.7e+308 -1.7e+308 -1.7e+308 -1.7e+308 -1.7e+308 -1.7e+308 -1.7e+308 -1.7e+308 -1.7e+308 -1.7e+308 -1.7e+308
-1.7e+308 -1.7e+308 -1.7e+308 -1.7e+308 -1.7e+308 -1.7e+308 -1.7e+308 -1.7e+308 -1.7e+308 -1.7e+308 -1.7e+308 -1.7e+308 -1.7e+308 -1.7e+308 -1.7e+308 -1.7e+308 -1.7e+308 -1.7e+308 -1.7e+308 -1.7e+308 -1.7e+308 -1.7e+308 -1.7e+308 -1.7e+308 -1.7e+308 -1.7e+308 -1.7e+308 -1.7e+308 -1.7e+308 -1.7e+308 -1.7e+308 -1.7e+308 -1.7e+308 -1.7e+308 -1.7e+308 -1.7e+308 -1.7e+308 -1.7e+308 -1.7e+308 -1.7e+308 -1.7e+308 -1.7e+308 -1.7e+308 -1.7e+308 -1.7e+308 -1.7e+308 -1.7e+308 -1.7e+308 -1.7e+308 -1.7e+308 -1.7e+308 -1.7e+308 -1.7e+308 -1.7e+308 -1.7e+308 -1.7e+308 -1.7e+308 -1.7e+308 -1.7e+308 -1.7e+308 -1.7e+308 -1.7e+308 -1.7e+308 -1.7e+308 -1.7e+308 -1.7e+308 -1.7e+308
-1.7e+308 -1.7e+308 -1.7e+308 -1.7e+308 -1.7e+308 -1.7e+308 -1.7e+308 -1.7e+308 -1.7e+308 -1.7e+308 -1.7e+308 -1.7e+308 -1.7e+308 -1.7e+308 -1.7e+308 -1.7e+308 -1.7e+308 -1.7e+308 -1.7e+308 -1.7e+308 -1.7e+308 -1.7e+308 -1.7e+308 -1.7e+308 -1.7e+308 -1.7e+308 -1.7e+308 -1.7e+308 -1.7e+308 -1.7e+308 -1.7e+308 -1.7e+308 -1.7e+308 -1.7e+308 -1.7e+308 -1.7e+308 -1.7e+308 -1.7e+308 -1.7e+308 -1.7e+308 -1.7e+308 -1.7e+308 -1.7e+308 -1.7e+308 -1.7e+308 -1.7e+308 -1.7e+308 -1.7e+308 -1.7e+308 -1.7e+308 -1.7e+308 -1.7e+308 -1.7e+308 -1.7e+308 -1.7e+308 -1.7e+308 -1.7e+308 -1.7e+308 -1.7e+308 -1.7e+308 -1.7e+308 -1.7e+308 -1.7e+308 -1.7e+308 -1.7e+308 -1.7e+308 -1.7e+308
-1.7e+308 -1.7e+308 -1.7e+308 -1.7e+308 -1.7e+308 -1.7e+308 -1.7e+308 -1.7e+308 -1.7e+308 -1.7e+308 -1.7e+308 -1.7e+308 -1.7e+308 -1.7e+308 -1.7e+308 -1.7e+308 -1.7e+308 -1.7e+308 -1.7e+308 -1.7e+308 -1.7e+308 -1.7e+308 -1.7e+308 -1.7e+308 -1.7e+308 -1.7e+308 -1.7e+308 -1.7e+308 -1.7e+308 -1.7e+308 -1.7e+308 -1.7e+308 -1.7e+308 -1.7e+308 -1.7e+308 -1.7e+308 -1.7e+308 -1.7e+308 -1.7e+308 -1.7e+308 -1.7e+308 -1.7e+308 -1.7e+308 -1.7e+308 -1.7e+308 -1.7e+308 -1.7e+308 -1.7e+308 -1.7e+308 -1.7e+308 -1.7e+308 -1.7e+308 -1.7e+308 -1.7e+308 -1.7e+308 -1.7e+308 -1.7e+308 -1.7e+308 -1.7e+308 -1.7e+308 -1.7e+308 -1.7e+308 -1.7e+308 -1.7e+308 -1.7e+308 -1.7e+308 -1.7e+308
-1.7e+308 -1.7e+308 -1.7e+308 -1.7e+308 -1.7e+308 -1.7e+308 -1.7e+308 -1.7e+308 -1.7e+308 -1.7e+308 -1.7e+308 -1.7e+308 -1.7e+308 -1.7e+308 -1.7e+308 -1.7e+308 -1.7e+308 -1.7e+308 -1.7e+308 -1.7e+308 -1.7e+308 -1.7e+308 -1.7e+308 -1.7e+308 -1.7e+308 -1.7e+308 -1.7e+308 -1.7e+308 -1.7e+308 -1.7e+308 -1.7e+308 -1.7e+308 -1.7e+308 -1.7e+308 -1.7e+308 -1.7e+308 -1.7e+308 -1.7e+308 -1.7e+308 -1.7e+308 -1.7e+308 -1.7e+308 -1.7e+308 -1.7e+308 -1.7e+308 -1.7e+308 -1.7e+308 -1.7e+308 -1.7e+308 -1.7e+308 -1.7e+308 -1.7e+308 -1.7e+308 -1.7e+308 -1.7e+308 -1.7e+308 -1.7e+308 -1.7e+308 -1.7e+308 -1.7e+308 -1.7e+308 -1.7e+308 -1.7e+308 -1.7e+308 -1.7e+308 -1.7e+308 -1.7e+308
-1.7e+308 -1.7e+308 -1.7e+308 -1.7e+308 -1.7e+308 -1.7e+308 -1.7e+308 -1.7e+308 -1.7e+308 -1.7e+308 -1.7e+308 -1.7e+308 -1.7e+308 -1.7e+308 -1.7e+308 -1.7e+308 -1.7e+308 -1.7e+308 -1.7e+308 -1.7e+308 -1.7e+308 -1.7e+308 -1.7e+308 -1.7e+308 -1.7e+308 -1.7e+308 -1.7e+308 -1.7e+308 -1.7e+308 -1.7e+308 -1.7e+308 -1.7e+308 -1.7e+308 -1.7e+308 -1.7e+308 -1.7e+308 -1.7e+308 -1.7e+308 -1.7e+308 -1.7e+308 -1.7e+308 -1.7e+308 -1.7e+308 -1.7e+308 -1.7e+308 -1.7e+308 -1.7e+308 -1.7e+308 -1.7e+308 -1.7e+308 -1.7e+308 -1.7e+308 -1.7e+308 -1.7e+308 -1.7e+308 -1.7e+308 -1.7e+308 -1.7e+308 -1.7e+308 -1.7e+308 -1.7e+308 -1.7e+308 -1.7e+308 -1.7e+308 -1.7e+308 -1.7e+308 -1.7e+308
73 73 73 73 72 71 71 70 70 69 69 68 -1.7e+308 -1.7e+308 -1.7e+308 -1.7e+308 -1.7e+308 -1.7e+308 -1.7e+308 -1.7e+308 -1.7e+308 -1.7e+308 -1.7e+308 -1.7e+308 -1.7e+308 -1.7e+308 -1.7e+308 -1.7e+308 -1.7e+308 -1.7e+308 -1.7e+308 -1.7e+308 -1.7e+308 -1.7e+308 -1.7e+308 -1.7e+308 -1.7e+308 -1.7e+308 -1.7e+308 -1.7e+308 -1.7e+308 -1.7e+308 -1.7e+308 -1.7e+308 -1.7e+308 -1.7e+308 -1.7e+308 -1.7e+308 -1.7e+308 -1.7e+308 -1.7e+308 -1.7e+308 -1.7e+308 -1.7e+308 -1.7e+308 -1.7e+308 -1.7e+308 -1.7e+308 -1.7e+308 -1.7e+308 -1.7e+308 -1.7e+308 -1.7e+308 -1.7e+308 -1.7e+308 -1.7e+308 -1.7e+308
74 74 74 74 73 72 72 71 70 70 70 69 68 68 67 67 66 66 65 65 65 64 64 64 63 63 63 63 62 62 62 62 -1.7e+308 -1.7e+308 -1.7e+308 -1.7e+308 -1.7e+308 -1.7e+308 -1.7e+308 -1.7e+308 -1.7e+308 -1.7e+308 -1.7e+308 -1.7e+308 -1.7e+308 -1.7e+308 -1.7e+308 -1.7e+308 -1.7e+308 -1.7e+308 -1.7e+308 -1.7e+308 -1.7e+308 -1.7e+308 -1.7e+308 -1.7e+308 -1.7e+308 -1.7e+308 -1.7e+308 -1.7e+308 -1.7e+308 -1.7e+308 -1.7e+308 -1.7e+308 -1.7e+308 -1.7e+308 -1.7e+308
76 75 75 75 74 73 72 72 71 71 71 70 69 69 69 68 67 67 67 66 65 65 64 64 64 64 63 63 63 62 62 62 62 61 60 59 58 57 57 56 56 55 55 55 54 54 55 55 55 -1.7e+308 -1.7e+308 -1.7e+308 -1.7e+308 -1.7e+308 -1.7e+308 -1.7e+308 -1.7e+308 -1.7e+308 -1.7e+308 -1.7e+308 -1.7e+308 -1.7e+308 -1.7e+308 -1.7e+308 -1.7e+308 -1.7e+308 -1.7e+308
77 76 76 75 75 74 73 73 73 72 72 71 71 70 70 69 68 68 67 67 65 65 65 65 64 64 63 63 63 62 62 62 62 61 60 59 58 57 57 56 56 55 55 54 54 54 54 55 55 56 56 57 57 57 58 58 58 59 59 59 60 60 61 -1.7e+308 -1.7e+308 -1.7e+308 -1.7e+308
78 77 77 76 76 75 74 74 74 73 72 72 72 72 71 69 69 68 68 67 67 67 66 65 64 64 64 63 63 63 62 62 62 61 60 59 58 57 57 56 55 55 54 54 54 54 54 55 55 56 56 57 57 57 58 58 58 58 59 59 59 60 -1.7e+308 -1.7e+308 -1.7e+308 -1.7e+308 -1.7e+308
79 78 78 77 77 76 75 75 75 74 74 73 73 73 71 71 70 69 68 68 67 67 67 66 65 64 64 63 63 63 62 62 61 61 60 59 58 57 56 56 55 55 54 54 54 54 54 55 55 56 56 57 57 58 58 58 58 58 58 59 59 60 60 -1.7e+308 -1.7e+308 -1.7e+308 -1.7e+308
80 79 79 78 77 77 76 76 76 76 75 74 74 73 72 71 70 69 69 68 68 67 67 66 65 64 64 63 63 62 62 62 61 61 60 59 58 57 56 56 55 55 54 54 54 54 54 55 55 56 56 57 57 58 58 58 58 58 58 58 59 59 60 -1.7e+308 -1.7e+308 -1.7e+308 -1.7e+308
80 80 79 79 78 78 78 77 77 77 76 75 74 74 73 72 71 70 69 69 68 68 67 66 65 65 64 63 63 62 62 61 61 60 59 59 58 57 56 55 55 54 54 54 54 54 54 55 55 56 57 57 58 58 58 58 58 58 58 58 58 58 59 -1.7e+308 -1.7e+308 -1.7e+308 -1.7e+308
81 80 80 80 79 79 78 78 78 77 77 76 75 74 73 72 71 70 69 69 68 67 67 66 65 64 64 63 63 62 62 61 60 60 59 58 57 57 56 55 55 54 54 54 54 54 54 54 55 56 57 57 58 58 59 58 58 58 57 57 57 57 57 58 58 57 56
82 81 81 80 80 80 79 79 78 78 77 76 75 74 74 72 71 71 70 69 68 67 66 66 65 64 64 63 62 62 61 61 60 59 59 58 57 56 56 55 55 54 54 54 54 54 54 55 55 56 57 58 59 59 59 59 58 58 57 57 57 56 56 57 58 58 57
82 81 81 81 81 80 80 79 79 78 77 76 76 75 74 73 72 71 70 69 68 67 66 66 65 64 63 63 62 61 61 60 60 59 58 58 57 56 55 55 54 54 53 53 53 54 54 55 56 56 57 58 59 60 60 59 59 58 57 57 56 56 55 55 57 57 57
82 82 81 81 82 81 80 80 79 78 78 77 76 75 74 73 72 71 70 69 68 67 67 66 65 64 63 62 62 61 60 60 59 59 58 57 56 56 55 54 54 53 53 53 53 54 54 55 56 57 58 59 60 60 60 60 59 58 57 56 56 55 54 55 56 57 57
82 82 82 81 82 81 81 80 80 79 78 77 76 75 74 73 72 71 70 69 68 68 67 66 65 64 63 62 61 61 60 59 59 58 58 57 56 55 55 54 53 53 53 53 53 53 54 55 55 56 58 59 60 60 60 60 59 58 57 56 55 55 54 55 56 57 57
82 82 82 81 81 81 81 81 80 79 78 77 76 76 75 73 72 71 70 70 69 68 67 66 65 64 63 62 61 60 60 59 59 58 57 57 56 55 54 54 53 53 52 52 52 53 53 54 55 56 57 58 59 59 60 59 58 57 56 55 55 54 54 55 56 57 57
82 81 81 81 81 81 81 81 80 79 78 77 77 76 74 73 72 72 71 69 68 68 67 66 65 64 63 62 61 60 59 59 58 58 57 56 56 55 54 53 53 52 52 51 52 52 52 53 54 55 56 57 58 59 59 58 57 57 56 55 54 54 54 54 55 57 57
82 81 81 81 81 81 81 81 80 80 79 -1.7e+308 -1.7e+308 -1.7e+308 -1.7e+308 -1.7e+308 -1.7e+308 -1.7e+308 -1.7e+308 -1.7e+308 -1.7e+308 67 67 66 65 64 63 62 61 60 59 59 58 58 57 56 55 54 54 53 52 51 51 51 51 51 51 52 53 53 54 55 56 57 57 57 57 56 55 55 54 54 54 54 55 56 57
81 81 81 81 80 80 80 80 80 80 79 -1.7e+308 -1.7e+308 -1.7e+308 -1.7e+308 -1.7e+308 -1.7e+308 -1.7e+308 -1.7e+308 -1.7e+308 -1.7e+308 -1.7e+308 -1.7e+308 65 65 64 63 62 61 60 59 59 58 57 57 56 55 54 53 52 51 51 50 50 49 49 50 50 51 52 53 54 55 55 56 56 56 55 55 54 54 53 53 53 54 55 57
81 81 81 80 80 80 80 80 79 -1.7e+308 -1.7e+308 78 -1.7e+308 -1.7e+308 -1.7e+308 -1.7e+308 -1.7e+308 -1.7e+308 -1.7e+308 -1.7e+308 -1.7e+308 -1.7e+308 -1.7e+308 -1.7e+308 -1.7e+308 63 63 62 61 60 60 59 58 58 57 56 55 54 53 52 51 50 49 48 48 48 48 49 50 51 52 52 53 54 54 55 55 55 54 54 54 53 53 53 53 54 56
81 81 80 80 80 80 79 79 79 79 78 78 -1.7e+308 -1.7e+308 -1.7e+308 -1.7e+308 -1.7e+308 -1.7e+308 -1.7e+308 -1.7e+308 -1.7e+308 -1.7e+308 -1.7e+308 -1.7e+308 -1.7e+308 -1.7e+308 -1.7e+308 62 61 60 60 59 58 58 57 56 55 54 52 51 50 48 48 47 47 47 47 48 48 49 50 51 52 53 53 54 54 54 54 54 54 54 54 53 53 53 56
81 80 80 80 79 79 79 -1.7e+308 -1.7e+308 -1.7e+308 -1.7e+308 -1.7e+308 -1.7e+308 -1.7e+308 -1.7e+308 -1.7e+308 -1.7e+308 -1.7e+308 -1.7e+308 -1.7e+308 -1.7e+308 -1.7e+308 -1.7e+308 -1.7e+308 -1.7e+308 -1.7e+308 -1.7e+308 -1.7e+308 61 61 60 59 59 58 57 56 55 53 52 50 49 47 46 45 45 45 45 46 47 48 49 50 51 52 52 53 54 54 54 54 54 54 54 54 54 54 56
80 80 80 79 79 -1.7e+308 -1.7e+308 -1.7e+308 -1.7e+308 -1.7e+308 -1.7e+308 -1.7e+308 -1.7e+308 -1.7e+308 -1.7e+308 -1.7e+308 -1.7e+308 -1.7e+308 -1.7e+308 -1.7e+308 -1.7e+308 -1.7e+308 -1.7e+308 -1.7e+308 -1.7e+308 -1.7e+308 -1.7e+308 -1.7e+308 -1.7e+308 60 60 59 59 58 57 56 55 53 51 49 47 46 44 44 43 43 44 45 46 47 48 49 50 51 52 53 54 54 55 55 55 55 55 55 55 56 58
80 80 79 -1.7e+308 -1.7e+308 -1.7e+308 -1.7e+308 -1.7e+308 -1.7e+308 -1.7e+308 -1.7e+308 -1.7e+308 -1.7e+308 -1.7e+308 -1.7e+308 -1.7e+308 -1.7e+308 -1.7e+308 -1.7e+308 -1.7e+308 -1.7e+308 -1.7e+308 -1.7e+308 -1.7e+308 -1.7e+308 -1.7e+308 -1.7e+308 -1.7e+308 -1.7e+308 -1.7e+308 60 59 59 58 58 57 55 53 51 49 46 44 42 41 41 41 42 43 44 46 47 48 49 50 51 53 53 54 55 56 56 56 57 57 57 58 58
80 -1.7e+308 -1.7e+308 -1.7e+308 -1.7e+308 -1.7e+308 -1.7e+308 -1.7e+308 -1.7e+308 -1.7e+308 -1.7e+308 -1.7e+308 -1.7e+308 -1.7e+308 -1.7e+308 -1.7e+308 -1.7e+308 -1.7e+308 -1.7e+308 -1.7e+308 -1.7e+308 -1.7e+308 -1.7e+308 -1.7e+308 -1.7e+308 -1.7e+308 -1.7e+308 -1.7e+308 -1.7e+308 -1.7e+308 60 59 59 58 58 57 56 54 51 48 44 42 40 39 39 39 40 42 43 45 46 47 49 50 51 52 54 55 56 57 57 58 58 58 58 58 58
