MaxEnt_Example/PresentLayers/bio19.asc
NCOLS 182 
NROWS 155 
XLLCORNER -87.625 
YLLCORNER 24.5416666666667 
CELLSIZE 0.0416666666666666 
NODATA_value -1.7e+308 
[rows 0 to 28 of 155, columns 0 to 65 of 182]
-169999999999999993883079578865998174333346074304075874502773119193537729178160565864330091787584707988572262467983188919169916105593357174268369962062473635296474636515660464935663040684957844303524367815028553272712298986386310828644513212353921123253311675499856875650512437415429217994623324794855339589632.000000000000000 419 417 416 415 415 413 413 409 407 407 410 409 408 406 403 401 402 399 398 396 394 393 393 392 390 390 391 391 391 389 390 389 389 386 386 385 382 382 380 380 378 377 375 377 376 376 376 375 376 375 375 375 374 375 373 374 373 374 373 374 372 371 -1.7e+308 -1.7e+308 -1.7e+308
-1.7e+308 415 414 414 412 412 411 408 405 406 408 407 405 405 402 399 397 396 395 394 392 390 389 388 388 387 387 388 387 386 386 387 387 387 385 385 385 382 382 380 380 378 376 375 376 375 374 375 375 375 375 375 374 374 374 373 373 372 372 371 371 370 369 -1.7e+308 -1.7e+308 -1.7e+308
412 412 411 410 409 407 405 403 402 406 405 404 400 400 399 394 393 390 391 390 389 386 386 386 383 382 383 384 383 384 383 384 384 384 384 384 384 384 382 379 377 376 375 375 375 373 374 375 375 374 375 374 374 374 373 372 370 370 371 370 370 368 367 366 -1.7e+308 -1.7e+308
408 407 406 406 405 404 403 399 399 402 402 401 397 396 393 391 388 387 385 386 385 381 383 382 379 379 381 378 378 378 380 380 381 381 381 383 383 382 381 379 379 376 375 375 373 374 375 374 373 374 373 373 373 373 371 370 369 369 368 368 368 366 364 364 362 -1.7e+308
-1.7e+308 403 404 402 401 399 397 394 395 397 398 398 396 390 387 386 385 382 382 380 379 379 380 377 376 377 376 375 376 376 376 377 377 379 379 381 380 380 379 378 376 374 374 373 374 374 374 374 373 372 372 373 373 373 372 369 369 367 367 365 365 364 362 362 360 -1.7e+308
-1.7e+308 -1.7e+308 399 397 395 396 393 390 390 393 394 393 391 387 382 380 380 377 377 376 374 376 375 372 371 373 370 371 372 372 372 375 375 376 377 379 379 378 378 376 374 374 372 373 374 373 373 373 372 373 373 373 372 371 371 370 369 367 365 365 363 362 361 359 358 -1.7e+308
-1.7e+308 -1.7e+308 -1.7e+308 392 390 390 391 386 385 388 389 386 385 381 379 374 374 372 372 371 372 371 370 366 366 368 365 368 368 369 371 372 372 373 375 376 377 377 376 373 373 372 372 371 372 372 372 372 371 373 373 373 371 371 369 367 366 364 362 362 361 360 359 359 358 355
-1.7e+308 -1.7e+308 -1.7e+308 -1.7e+308 -1.7e+308 385 385 383 380 380 383 381 379 377 373 369 369 368 369 369 367 366 362 362 361 361 361 361 362 364 366 368 369 369 370 372 373 374 375 373 371 371 370 371 371 372 371 369 370 370 373 372 370 369 367 365 363 362 361 359 358 358 356 356 355 352
-1.7e+308 -1.7e+308 -1.7e+308 -1.7e+308 -1.7e+308 -1.7e+308 379 378 374 374 375 376 373 371 367 367 367 366 364 362 362 361 360 359 360 359 359 360 360 361 362 364 364 366 366 367 370 371 370 370 369 369 370 369 370 370 369 370 370 370 371 369 370 370 368 365 363 363 358 356 357 356 356 353 353 352
-1.7e+308 -1.7e+308 -1.7e+308 -1.7e+308 -1.7e+308 374 374 373 371 369 368 368 369 365 363 363 362 360 359 360 360 359 358 357 356 354 353 354 355 356 357 359 361 361 363 364 367 368 367 367 368 367 368 368 368 368 369 372 371 371 371 371 371 369 369 366 364 362 357 355 356 354 351 350 350 352
-1.7e+308 -1.7e+308 -1.7e+308 -1.7e+308 -1.7e+308 370 369 367 367 365 362 -1.7e+308 363 361 360 358 357 358 358 358 357 356 354 352 351 349 347 348 350 350 353 354 356 358 359 361 362 365 366 365 366 365 366 369 370 370 369 369 370 369 370 371 369 368 366 363 360 358 353 354 352 351 348 348 350 352
-1.7e+308 -1.7e+308 -1.7e+308 -1.7e+308 366 364 362 362 362 361 361 -1.7e+308 -1.7e+308 357 -1.7e+308 356 357 356 356 355 354 353 351 349 347 344 341 342 344 346 348 351 352 354 355 358 358 360 362 364 364 364 365 366 368 368 368 368 368 367 368 367 368 366 364 363 359 356 353 350 349 347 345 347 349 349
-1.7e+308 -1.7e+308 -1.7e+308 -1.7e+308 -1.7e+308 358 356 356 357 357 357 -1.7e+308 -1.7e+308 353 -1.7e+308 -1.7e+308 353 352 353 352 350 349 348 346 342 339 336 -1.7e+308 339 342 345 348 -1.7e+308 351 351 354 356 357 359 360 360 361 364 365 366 367 367 366 366 367 366 366 366 364 363 361 357 354 351 347 345 343 343 345 348 347
-1.7e+308 -1.7e+308 -1.7e+308 -1.7e+308 -1.7e+308 -1.7e+308 -1.7e+308 352 353 353 353 -1.7e+308 -1.7e+308 -1.7e+308 -1.7e+308 -1.7e+308 348 349 348 347 347 346 345 343 339 337 -1.7e+308 -1.7e+308 -1.7e+308 -1.7e+308 -1.7e+308 -1.7e+308 -1.7e+308 -1.7e+308 -1.7e+308 351 352 355 356 357 358 360 361 363 364 365 364 365 364 363 364 365 365 363 361 359 356 352 348 345 342 340 340 343 344 344
-1.7e+308 -1.7e+308 -1.7e+308 -1.7e+308 -1.7e+308 352 350 349 348 -1.7e+308 -1.7e+308 -1.7e+308 -1.7e+308 347 347 347 -1.7e+308 -1.7e+308 -1.7e+308 -1.7e+308 -1.7e+308 343 343 -1.7e+308 339 -1.7e+308 -1.7e+308 334 335 336 -1.7e+308 341 342 343 -1.7e+308 -1.7e+308 350 352 353 355 356 358 360 361 363 363 363 363 363 362 362 361 361 361 359 356 354 351 347 343 340 338 340 342 343 344
-1.7e+308 -1.7e+308 -1.7e+308 -1.7e+308 -1.7e+308 350 347 347 347 -1.7e+308 346 -1.7e+308 -1.7e+308 -1.7e+308 345 -1.7e+308 -1.7e+308 -1.7e+308 -1.7e+308 -1.7e+308 -1.7e+308 -1.7e+308 -1.7e+308 -1.7e+308 -1.7e+308 -1.7e+308 -1.7e+308 -1.7e+308 -1.7e+308 -1.7e+308 -1.7e+308 -1.7e+308 -1.7e+308 343 344 346 347 349 351 352 354 356 357 359 360 361 362 361 360 359 359 359 359 357 356 354 353 350 346 344 341 339 340 341 342 342
-1.7e+308 -1.7e+308 -1.7e+308 351 -1.7e+308 -1.7e+308 347 -1.7e+308 -1.7e+308 -1.7e+308 -1.7e+308 -1.7e+308 -1.7e+308 -1.7e+308 -1.7e+308 -1.7e+308 -1.7e+308 -1.7e+308 -1.7e+308 -1.7e+308 -1.7e+308 -1.7e+308 -1.7e+308 -1.7e+308 -1.7e+308 -1.7e+308 -1.7e+308 -1.7e+308 -1.7e+308 -1.7e+308 -1.7e+308 -1.7e+308 -1.7e+308 -1.7e+308 -1.7e+308 -1.7e+308 345 346 348 349 351 352 354 356 357 359 360 359 357 356 354 355 354 355 354 354 353 350 348 346 343 341 341 341 340 341
-1.7e+308 -1.7e+308 -1.7e+308 -1.7e+308 -1.7e+308 -1.7e+308 -1.7e+308 -1.7e+308 -1.7e+308 -1.7e+308 -1.7e+308 -1.7e+308 -1.7e+308 -1.7e+308 -1.7e+308 -1.7e+308 -1.7e+308 -1.7e+308 -1.7e+308 -1.7e+308 -1.7e+308 -1.7e+308 -1.7e+308 -1.7e+308 -1.7e+308 -1.7e+308 -1.7e+308 -1.7e+308 -1.7e+308 -1.7e+308 -1.7e+308 -1.7e+308 -1.7e+308 -1.7e+308 -1.7e+308 -1.7e+308 -1.7e+308 -1.7e+308 -1.7e+308 347 348 349 351 -1.7e+308 -1.7e+308 358 358 356 353 352 351 351 352 352 353 353 353 351 350 348 345 343 342 341 341 340
-1.7e+308 -1.7e+308 -1.7e+308 -1.7e+308 -1.7e+308 -1.7e+308 -1.7e+308 -1.7e+308 -1.7e+308 -1.7e+308 -1.7e+308 -1.7e+308 -1.7e+308 -1.7e+308 -1.7e+308 -1.7e+308 -1.7e+308 -1.7e+308 -1.7e+308 -1.7e+308 -1.7e+308 -1.7e+308 -1.7e+308 -1.7e+308 -1.7e+308 -1.7e+308 -1.7e+308 -1.7e+308 -1.7e+308 -1.7e+308 -1.7e+308 -1.7e+308 -1.7e+308 -1.7e+308 -1.7e+308 -1.7e+308 -1.7e+308 -1.7e+308 -1.7e+308 -1.7e+308 -1.7e+308 347 348 349 351 -1.7e+308 -1.7e+308 354 350 347 345 346 347 348 350 351 353 354 353 350 347 345 343 341 340 340
-1.7e+308 -1.7e+308 -1.7e+308 -1.7e+308 -1.7e+308 -1.7e+308 -1.7e+308 -1.7e+308 -1.7e+308 -1.7e+308 -1.7e+308 -1.7e+308 -1.7e+308 -1.7e+308 -1.7e+308 -1.7e+308 -1.7e+308 -1.7e+308 -1.7e+308 -1.7e+308 -1.7e+308 -1.7e+308 -1.7e+308 -1.7e+308 -1.7e+308 -1.7e+308 -1.7e+308 -1.7e+308 -1.7e+308 -1.7e+308 -1.7e+308 -1.7e+308 -1.7e+308 -1.7e+308 -1.7e+308 -1.7e+308 -1.7e+308 -1.7e+308 -1.7e+308 -1.7e+308 -1.7e+308 -1.7e+308 -1.7e+308 346 347 -1.7e+308 350 346 342 340 339 340 342 344 348 351 354 355 354 353 349 346 343 341 340 338
-1.7e+308 -1.7e+308 -1.7e+308 -1.7e+308 -1.7e+308 -1.7e+308 -1.7e+308 -1.7e+308 -1.7e+308 -1.7e+308 -1.7e+308 -1.7e+308 -1.7e+308 -1.7e+308 -1.7e+308 -1.7e+308 -1.7e+308 -1.7e+308 -1.7e+308 -1.7e+308 -1.7e+308 -1.7e+308 -1.7e+308 -1.7e+308 -1.7e+308 -1.7e+308 -1.7e+308 -1.7e+308 -1.7e+308 -1.7e+308 -1.7e+308 -1.7e+308 -1.7e+308 -1.7e+308 -1.7e+308 -1.7e+308 -1.7e+308 -1.7e+308 -1.7e+308 -1.7e+308 -1.7e+308 -1.7e+308 -1.7e+308 -1.7e+308 -1.7e+308 341 -1.7e+308 338 333 329 330 334 338 341 345 349 354 357 357 354 350 346 343 339 338 336
-1.7e+308 -1.7e+308 -1.7e+308 -1.7e+308 -1.7e+308 -1.7e+308 -1.7e+308 -1.7e+308 -1.7e+308 -1.7e+308 -1.7e+308 -1.7e+308 -1.7e+308 -1.7e+308 -1.7e+308 -1.7e+308 -1.7e+308 -1.7e+308 -1.7e+308 -1.7e+308 -1.7e+308 -1.7e+308 -1.7e+308 -1.7e+308 -1.7e+308 -1.7e+308 -1.7e+308 -1.7e+308 -1.7e+308 -1.7e+308 -1.7e+308 -1.7e+308 -1.7e+308 -1.7e+308 -1.7e+308 -1.7e+308 -1.7e+308 -1.7e+308 -1.7e+308 -1.7e+308 -1.7e+308 -1.7e+308 -1.7e+308 -1.7e+308 -1.7e+308 -1.7e+308 -1.7e+308 326 -1.7e+308 -1.7e+308 324 327 331 335 342 346 351 357 359 354 350 345 341 338 336 335
-1.7e+308 -1.7e+308 -1.7e+308 -1.7e+308 -1.7e+308 -1.7e+308 -1.7e+308 -1.7e+308 -1.7e+308 -1.7e+308 -1.7e+308 -1.7e+308 -1.7e+308 -1.7e+308 -1.7e+308 -1.7e+308 -1.7e+308 -1.7e+308 -1.7e+308 -1.7e+308 -1.7e+308 -1.7e+308 -1.7e+308 -1.7e+308 -1.7e+308 -1.7e+308 -1.7e+308 -1.7e+308 -1.7e+308 -1.7e+308 -1.7e+308 -1.7e+308 -1.7e+308 -1.7e+308 -1.7e+308 -1.7e+308 -1.7e+308 -1.7e+308 -1.7e+308 -1.7e+308 -1.7e+308 -1.7e+308 -1.7e+308 -1.7e+308 -1.7e+308 -1.7e+308 -1.7e+308 -1.7e+308 311 309 -1.7e+308 322 -1.7e+308 330 336 342 347 351 352 350 345 342 338 335 333 332
-1.7e+308 -1.7e+308 -1.7e+308 -1.7e+308 -1.7e+308 -1.7e+308 -1.7e+308 -1.7e+308 -1.7e+308 -1.7e+308 -1.7e+308 -1.7e+308 -1.7e+308 -1.7e+308 -1.7e+308 -1.7e+308 -1.7e+308 -1.7e+308 -1.7e+308 -1.7e+308 -1.7e+308 -1.7e+308 -1.7e+308 -1.7e+308 -1.7e+308 -1.7e+308 -1.7e+308 -1.7e+308 -1.7e+308 -1.7e+308 -1.7e+308 -1.7e+308 -1.7e+308 -1.7e+308 -1.7e+308 -1.7e+308 -1.7e+308 -1.7e+308 -1.7e+308 -1.7e+308 -1.7e+308 -1.7e+308 -1.7e+308 -1.7e+308 -1.7e+308 -1.7e+308 -1.7e+308 -1.7e+308 -1.7e+308 -1.7e+308 312 316 -1.7e+308 325 331 336 340 342 344 343 341 337 335 331 330 327
-1.7e+308 -1.7e+308 -1.7e+308 -1.7e+308 -1.7e+308 -1.7e+308 -1.7e+308 -1.7e+308 -1.7e+308 -1.7e+308 -1.7e+308 -1.7e+308 -1.7e+308 -1.7e+308 -1.7e+308 -1.7e+308 -1.7e+308 -1.7e+308 -1.7e+308 -1.7e+308 -1.7e+308 -1.7e+308 -1.7e+308 -1.7e+308 -1.7e+308 -1.7e+308 -1.7e+308 -1.7e+308 -1.7e+308 -1.7e+308 -1.7e+308 -1.7e+308 -1.7e+308 -1.7e+308 -1.7e+308 -1.7e+308 -1.7e+308 -1.7e+308 -1.7e+308 -1.7e+308 -1.7e+308 -1.7e+308 -1.7e+308 -1.7e+308 -1.7e+308 -1.7e+308 -1.7e+308 -1.7e+308 -1.7e+308 -1.7e+308 -1.7e+308 313 317 321 326 330 333 335 336 335 334 331 329 328 326 324
-1.7e+308 -1.7e+308 -1.7e+308 -1.7e+308 -1.7e+308 -1.7e+308 -1.7e+308 -1.7e+308 -1.7e+308 -1.7e+308 -1.7e+308 -1.7e+308 -1.7e+308 -1.7e+308 -1.7e+308 -1.7e+308 -1.7e+308 -1.7e+308 -1.7e+308 -1.7e+308 -1.7e+308 -1.7e+308 -1.7e+308 -1.7e+308 -1.7e+308 -1.7e+308 -1.7e+308 -1.7e+308 -1.7e+308 -1.7e+308 -1.7e+308 -1.7e+308 -1.7e+308 -1.7e+308 -1.7e+308 -1.7e+308 -1.7e+308 -1.7e+308 -1.7e+308 -1.7e+308 -1.7e+308 -1.7e+308 -1.7e+308 -1.7e+308 -1.7e+308 -1.7e+308 -1.7e+308 -1.7e+308 -1.7e+308 -1.7e+308 -1.7e+308 -1.7e+308 -1.7e+308 318 320 324 327 329 329 328 327 325 324 322 322 321
-1.7e+308 -1.7e+308 -1.7e+308 -1.7e+308 -1.7e+308 -1.7e+308 -1.7e+308 -1.7e+308 -1.7e+308 -1.7e+308 -1.7e+308 -1.7e+308 -1.7e+308 -1.7e+308 -1.7e+308 -1.7e+308 -1.7e+308 -1.7e+308 -1.7e+308 -1.7e+308 -1.7e+308 -1.7e+308 -1.7e+308 -1.7e+308 -1.7e+308 -1.7e+308 -1.7e+308 -1.7e+308 -1.7e+308 -1.7e+308 -1.7e+308 -1.7e+308 -1.7e+308 -1.7e+308 -1.7e+308 -1.7e+308 -1.7e+308 -1.7e+308 -1.7e+308 -1.7e+308 -1.7e+308 -1.7e+308 -1.7e+308 -1.7e+308 -1.7e+308 -1.7e+308 -1.7e+308 -1.7e+308 -1.7e+308 -1.7e+308 -1.7e+308 -1.7e+308 -1.7e+308 -1.7e+308 317 317 321 321 322 321 321 320 318 317 317 315
-1.7e+308 -1.7e+308 -1.7e+308 -1.7e+308 -1.7e+308 -1.7e+308 -1.7e+308 -1.7e+308 -1.7e+308 -1.7e+308 -1.7e+308 -1.7e+308 -1.7e+308 -1.7e+308 -1.7e+308 -1.7e+308 -1.7e+308 -1.7e+308 -1.7e+308 -1.7e+308 -1.7e+308 -1.7e+308 -1.7e+308 -1.7e+308 -1.7e+308 -1.7e+308 -1.7e+308 -1.7e+308 -1.7e+308 -1.7e+308 -1.7e+308 -1.7e+308 -1.7e+308 -1.7e+308 -1.7e+308 -1.7e+308 -1.7e+308 -1.7e+308 -1.7e+308 -1.7e+308 -1.7e+308 -1.7e+308 -1.7e+308 -1.7e+308 -1.7e+308 -1.7e+308 -1.7e+308 -1.7e+308 -1.7e+308 -1.7e+308 -1.7e+308 -1.7e+308 -1.7e+308 -1.7e+308 -1.7e+308 314 314 315 315 314 315 313 312 311 311 311
-1.7e+308 -1.7e+308 -1.7e+308 -1.7e+308 -1.7e+308 -1.7e+308 -1.7e+308 -1.7e+308 -1.7e+308 -1.7e+308 -1.7e+308 -1.7e+308 -1.7e+308 -1.7e+308 -1.7e+308 -1.7e+308 -1.7e+308 -1.7e+308 -1.7e+308 -1.7e+308 -1.7e+308 -1.7e+308 -1.7e+308 -1.7e+308 -1.7e+308 -1.7e+308 -1.7e+308 -1.7e+308 -1.7e+308 -1.7e+308 -1.7e+308 -1.7e+308 -1.7e+308 -1.7e+308 -1.7e+308 -1.7e+308 -1.7e+308 -1.7e+308 -1.7e+308 -1.7e+308 -1.7e+308 -1.7e+308 -1.7e+308 -1.7e+308 -1.7e+308 -1.7e+308 -1.7e+308 -1.7e+308 -1.7e+308 -1.7e+308 -1.7e+308 -1.7e+308 -1.7e+308 -1.7e+308 -1.7e+308 -1.7e+308 309 309 309 309 307 306 307 306 306 307
