MaxEnt_Example/PresentLayers/bio6.asc
NCOLS 182 
NROWS 155 
XLLCORNER -87.625 
YLLCORNER 24.5416666666667 
CELLSIZE 0.0416666666666666 
NODATA_value -1.7e+308 
[rows 0 to 28 of 155, columns 0 to 66 of 182]
-169999999999999993883079578865998174333346074304075874502773119193537729178160565864330091787584707988572262467983188919169916105593357174268369962062473635296474636515660464935663040684957844303524367815028553272712298986386310828644513212353921123253311675499856875650512437415429217994623324794855339589632.000000000000000 31 31 31 31 31 31 30 31 31 30 29 28 28 28 28 28 27 27 27 27 28 27 27 27 27 27 27 26 27 27 27 27 28 29 29 30 31 31 32 32 32 33 33 33 33 33 33 33 33 34 34 34 34 34 34 34 34 34 34 34 35 35 -1.7e+308 -1.7e+308 -1.7e+308 -1.7e+308
-1.7e+308 33 33 33 33 32 32 32 33 32 31 30 30 30 29 30 30 29 29 29 29 29 29 29 29 29 29 28 29 29 29 29 29 29 30 30 31 32 32 33 33 33 34 34 34 34 34 33 33 33 33 33 33 34 34 34 34 34 34 34 35 35 36 -1.7e+308 -1.7e+308 -1.7e+308 -1.7e+308
36 35 35 34 34 34 34 35 35 33 32 32 33 32 32 32 32 32 31 31 31 31 31 31 31 31 30 30 30 30 31 30 31 31 32 32 32 32 33 34 34 35 34 34 34 34 34 34 33 34 33 33 34 34 34 34 34 35 35 35 35 36 36 36 -1.7e+308 -1.7e+308 -1.7e+308
37 37 36 36 36 36 36 37 36 35 34 34 34 34 34 34 34 34 33 33 33 33 32 32 33 32 32 33 33 33 33 33 32 33 33 33 33 33 34 34 34 35 35 35 35 34 34 34 34 34 34 33 33 33 34 34 35 35 35 35 35 36 36 36 36 -1.7e+308 -1.7e+308
-1.7e+308 38 38 38 37 38 38 39 38 37 36 35 36 37 37 36 36 36 35 35 35 35 34 34 35 33 34 34 34 34 34 34 34 34 34 34 35 35 35 35 36 36 36 36 35 35 34 34 35 35 34 33 33 33 34 34 34 35 35 36 36 36 36 36 37 -1.7e+308 -1.7e+308
-1.7e+308 -1.7e+308 40 39 40 39 40 41 40 39 38 38 38 38 39 38 37 38 37 37 37 36 36 36 36 35 36 36 36 36 36 35 36 36 36 36 36 37 37 36 37 37 37 36 36 35 35 35 35 34 33 33 33 33 34 34 34 35 35 35 36 36 36 37 37 -1.7e+308 -1.7e+308
-1.7e+308 -1.7e+308 -1.7e+308 42 42 41 41 43 43 41 40 40 40 40 40 41 40 40 39 39 39 38 38 39 38 38 38 38 37 37 37 37 37 37 37 37 37 38 38 38 38 38 38 37 36 36 36 36 35 34 33 33 34 34 34 34 35 35 35 35 36 36 36 36 37 38 -1.7e+308
-1.7e+308 -1.7e+308 -1.7e+308 -1.7e+308 -1.7e+308 44 43 44 45 44 43 43 43 42 42 43 43 42 40 40 40 41 41 41 41 40 40 40 40 39 39 38 39 39 39 39 39 39 38 38 39 39 38 38 37 37 37 37 35 35 34 34 34 34 34 35 35 36 36 36 36 36 37 37 37 38 38
-1.7e+308 -1.7e+308 -1.7e+308 -1.7e+308 -1.7e+308 -1.7e+308 46 46 47 47 45 45 45 45 45 44 43 43 43 43 43 42 42 42 41 41 41 41 41 40 41 40 40 40 41 40 40 40 40 40 40 40 39 39 38 38 38 37 36 36 35 34 34 33 34 34 34 35 36 37 36 37 37 37 38 38 38
-1.7e+308 -1.7e+308 -1.7e+308 -1.7e+308 -1.7e+308 48 48 48 49 49 48 47 47 47 47 46 45 46 45 44 44 43 43 43 43 43 43 43 42 42 43 42 42 42 42 42 41 41 41 41 41 41 40 40 39 38 37 36 36 35 35 34 34 34 34 34 35 35 37 36 36 37 38 38 39 38 37
-1.7e+308 -1.7e+308 -1.7e+308 -1.7e+308 -1.7e+308 50 50 50 50 51 51 -1.7e+308 49 49 49 48 48 47 46 45 45 44 44 44 44 45 46 45 44 45 44 44 43 43 43 43 43 42 42 42 41 42 41 39 38 38 38 37 37 36 35 34 34 35 35 35 36 36 37 37 37 38 38 39 38 37 37
-1.7e+308 -1.7e+308 -1.7e+308 -1.7e+308 52 52 52 52 52 52 52 -1.7e+308 -1.7e+308 51 -1.7e+308 50 48 48 47 47 46 46 46 46 46 47 47 48 47 47 46 46 45 45 45 45 44 44 43 42 43 42 42 41 40 39 39 38 38 38 36 36 35 35 35 36 36 37 38 38 38 39 39 39 38 38 38
-1.7e+308 -1.7e+308 -1.7e+308 -1.7e+308 -1.7e+308 55 55 55 54 54 54 -1.7e+308 -1.7e+308 53 -1.7e+308 -1.7e+308 50 49 49 48 48 48 48 48 49 49 49 -1.7e+308 49 48 47 47 -1.7e+308 46 47 46 46 45 45 44 44 44 42 42 41 40 40 39 39 38 37 36 36 36 36 36 37 38 38 39 39 39 40 40 39 39 39
-1.7e+308 -1.7e+308 -1.7e+308 -1.7e+308 -1.7e+308 -1.7e+308 -1.7e+308 56 56 56 56 -1.7e+308 -1.7e+308 -1.7e+308 -1.7e+308 -1.7e+308 52 52 51 51 50 50 49 50 50 50 -1.7e+308 -1.7e+308 -1.7e+308 -1.7e+308 -1.7e+308 -1.7e+308 -1.7e+308 -1.7e+308 -1.7e+308 47 47 46 46 45 45 44 44 43 42 41 41 40 40 39 38 37 37 37 37 38 38 38 39 40 40 40 41 40 40 40 40
-1.7e+308 -1.7e+308 -1.7e+308 -1.7e+308 -1.7e+308 57 58 58 58 -1.7e+308 -1.7e+308 -1.7e+308 -1.7e+308 56 55 54 -1.7e+308 -1.7e+308 -1.7e+308 -1.7e+308 -1.7e+308 51 51 -1.7e+308 51 -1.7e+308 -1.7e+308 51 52 51 -1.7e+308 50 50 49 -1.7e+308 -1.7e+308 48 47 47 47 46 45 44 44 43 43 42 41 41 41 40 39 39 38 38 39 39 40 40 41 41 41 42 41 41 41 41
-1.7e+308 -1.7e+308 -1.7e+308 -1.7e+308 -1.7e+308 58 59 59 59 -1.7e+308 59 -1.7e+308 -1.7e+308 -1.7e+308 57 -1.7e+308 -1.7e+308 -1.7e+308 -1.7e+308 -1.7e+308 -1.7e+308 -1.7e+308 -1.7e+308 -1.7e+308 -1.7e+308 -1.7e+308 -1.7e+308 -1.7e+308 -1.7e+308 -1.7e+308 -1.7e+308 -1.7e+308 -1.7e+308 50 50 50 49 49 48 47 47 46 46 45 45 44 44 43 43 42 41 41 41 40 41 41 41 41 42 42 42 42 42 42 42 42 43
-1.7e+308 -1.7e+308 -1.7e+308 59 -1.7e+308 -1.7e+308 59 -1.7e+308 -1.7e+308 -1.7e+308 -1.7e+308 -1.7e+308 -1.7e+308 -1.7e+308 -1.7e+308 -1.7e+308 -1.7e+308 -1.7e+308 -1.7e+308 -1.7e+308 -1.7e+308 -1.7e+308 -1.7e+308 -1.7e+308 -1.7e+308 -1.7e+308 -1.7e+308 -1.7e+308 -1.7e+308 -1.7e+308 -1.7e+308 -1.7e+308 -1.7e+308 -1.7e+308 -1.7e+308 -1.7e+308 50 50 49 49 48 48 47 47 46 45 45 44 44 44 44 43 43 42 42 42 42 42 42 43 43 43 43 43 43 43 43
-1.7e+308 -1.7e+308 -1.7e+308 -1.7e+308 -1.7e+308 -1.7e+308 -1.7e+308 -1.7e+308 -1.7e+308 -1.7e+308 -1.7e+308 -1.7e+308 -1.7e+308 -1.7e+308 -1.7e+308 -1.7e+308 -1.7e+308 -1.7e+308 -1.7e+308 -1.7e+308 -1.7e+308 -1.7e+308 -1.7e+308 -1.7e+308 -1.7e+308 -1.7e+308 -1.7e+308 -1.7e+308 -1.7e+308 -1.7e+308 -1.7e+308 -1.7e+308 -1.7e+308 -1.7e+308 -1.7e+308 -1.7e+308 -1.7e+308 -1.7e+308 -1.7e+308 50 50 49 49 -1.7e+308 -1.7e+308 47 46 46 46 46 45 45 45 44 44 44 44 44 44 44 44 45 44 44 44 44 44
-1.7e+308 -1.7e+308 -1.7e+308 -1.7e+308 -1.7e+308 -1.7e+308 -1.7e+308 -1.7e+308 -1.7e+308 -1.7e+308 -1.7e+308 -1.7e+308 -1.7e+308 -1.7e+308 -1.7e+308 -1.7e+308 -1.7e+308 -1.7e+308 -1.7e+308 -1.7e+308 -1.7e+308 -1.7e+308 -1.7e+308 -1.7e+308 -1.7e+308 -1.7e+308 -1.7e+308 -1.7e+308 -1.7e+308 -1.7e+308 -1.7e+308 -1.7e+308 -1.7e+308 -1.7e+308 -1.7e+308 -1.7e+308 -1.7e+308 -1.7e+308 -1.7e+308 -1.7e+308 -1.7e+308 50 50 50 49 -1.7e+308 -1.7e+308 48 48 48 47 47 47 46 46 46 45 45 45 45 45 45 45 45 45 45 45
-1.7e+308 -1.7e+308 -1.7e+308 -1.7e+308 -1.7e+308 -1.7e+308 -1.7e+308 -1.7e+308 -1.7e+308 -1.7e+308 -1.7e+308 -1.7e+308 -1.7e+308 -1.7e+308 -1.7e+308 -1.7e+308 -1.7e+308 -1.7e+308 -1.7e+308 -1.7e+308 -1.7e+308 -1.7e+308 -1.7e+308 -1.7e+308 -1.7e+308 -1.7e+308 -1.7e+308 -1.7e+308 -1.7e+308 -1.7e+308 -1.7e+308 -1.7e+308 -1.7e+308 -1.7e+308 -1.7e+308 -1.7e+308 -1.7e+308 -1.7e+308 -1.7e+308 -1.7e+308 -1.7e+308 -1.7e+308 -1.7e+308 51 51 -1.7e+308 50 50 50 50 50 49 49 48 48 47 47 47 47 47 46 46 46 46 46 46 46
-1.7e+308 -1.7e+308 -1.7e+308 -1.7e+308 -1.7e+308 -1.7e+308 -1.7e+308 -1.7e+308 -1.7e+308 -1.7e+308 -1.7e+308 -1.7e+308 -1.7e+308 -1.7e+308 -1.7e+308 -1.7e+308 -1.7e+308 -1.7e+308 -1.7e+308 -1.7e+308 -1.7e+308 -1.7e+308 -1.7e+308 -1.7e+308 -1.7e+308 -1.7e+308 -1.7e+308 -1.7e+308 -1.7e+308 -1.7e+308 -1.7e+308 -1.7e+308 -1.7e+308 -1.7e+308 -1.7e+308 -1.7e+308 -1.7e+308 -1.7e+308 -1.7e+308 -1.7e+308 -1.7e+308 -1.7e+308 -1.7e+308 -1.7e+308 -1.7e+308 53 -1.7e+308 52 53 53 53 52 51 50 49 49 48 48 48 48 48 48 47 47 47 48 48
-1.7e+308 -1.7e+308 -1.7e+308 -1.7e+308 -1.7e+308 -1.7e+308 -1.7e+308 -1.7e+308 -1.7e+308 -1.7e+308 -1.7e+308 -1.7e+308 -1.7e+308 -1.7e+308 -1.7e+308 -1.7e+308 -1.7e+308 -1.7e+308 -1.7e+308 -1.7e+308 -1.7e+308 -1.7e+308 -1.7e+308 -1.7e+308 -1.7e+308 -1.7e+308 -1.7e+308 -1.7e+308 -1.7e+308 -1.7e+308 -1.7e+308 -1.7e+308 -1.7e+308 -1.7e+308 -1.7e+308 -1.7e+308 -1.7e+308 -1.7e+308 -1.7e+308 -1.7e+308 -1.7e+308 -1.7e+308 -1.7e+308 -1.7e+308 -1.7e+308 -1.7e+308 -1.7e+308 55 -1.7e+308 -1.7e+308 54 54 53 53 52 51 50 50 49 49 49 49 49 49 49 49 48
-1.7e+308 -1.7e+308 -1.7e+308 -1.7e+308 -1.7e+308 -1.7e+308 -1.7e+308 -1.7e+308 -1.7e+308 -1.7e+308 -1.7e+308 -1.7e+308 -1.7e+308 -1.7e+308 -1.7e+308 -1.7e+308 -1.7e+308 -1.7e+308 -1.7e+308 -1.7e+308 -1.7e+308 -1.7e+308 -1.7e+308 -1.7e+308 -1.7e+308 -1.7e+308 -1.7e+308 -1.7e+308 -1.7e+308 -1.7e+308 -1.7e+308 -1.7e+308 -1.7e+308 -1.7e+308 -1.7e+308 -1.7e+308 -1.7e+308 -1.7e+308 -1.7e+308 -1.7e+308 -1.7e+308 -1.7e+308 -1.7e+308 -1.7e+308 -1.7e+308 -1.7e+308 -1.7e+308 -1.7e+308 58 59 -1.7e+308 56 -1.7e+308 54 53 53 52 51 51 51 51 51 50 50 50 50 50
-1.7e+308 -1.7e+308 -1.7e+308 -1.7e+308 -1.7e+308 -1.7e+308 -1.7e+308 -1.7e+308 -1.7e+308 -1.7e+308 -1.7e+308 -1.7e+308 -1.7e+308 -1.7e+308 -1.7e+308 -1.7e+308 -1.7e+308 -1.7e+308 -1.7e+308 -1.7e+308 -1.7e+308 -1.7e+308 -1.7e+308 -1.7e+308 -1.7e+308 -1.7e+308 -1.7e+308 -1.7e+308 -1.7e+308 -1.7e+308 -1.7e+308 -1.7e+308 -1.7e+308 -1.7e+308 -1.7e+308 -1.7e+308 -1.7e+308 -1.7e+308 -1.7e+308 -1.7e+308 -1.7e+308 -1.7e+308 -1.7e+308 -1.7e+308 -1.7e+308 -1.7e+308 -1.7e+308 -1.7e+308 -1.7e+308 -1.7e+308 58 58 -1.7e+308 56 55 54 54 53 53 52 52 52 52 52 52 51 51
-1.7e+308 -1.7e+308 -1.7e+308 -1.7e+308 -1.7e+308 -1.7e+308 -1.7e+308 -1.7e+308 -1.7e+308 -1.7e+308 -1.7e+308 -1.7e+308 -1.7e+308 -1.7e+308 -1.7e+308 -1.7e+308 -1.7e+308 -1.7e+308 -1.7e+308 -1.7e+308 -1.7e+308 -1.7e+308 -1.7e+308 -1.7e+308 -1.7e+308 -1.7e+308 -1.7e+308 -1.7e+308 -1.7e+308 -1.7e+308 -1.7e+308 -1.7e+308 -1.7e+308 -1.7e+308 -1.7e+308 -1.7e+308 -1.7e+308 -1.7e+308 -1.7e+308 -1.7e+308 -1.7e+308 -1.7e+308 -1.7e+308 -1.7e+308 -1.7e+308 -1.7e+308 -1.7e+308 -1.7e+308 -1.7e+308 -1.7e+308 -1.7e+308 59 58 57 57 56 55 55 54 54 53 54 53 52 52 52 52
-1.7e+308 -1.7e+308 -1.7e+308 -1.7e+308 -1.7e+308 -1.7e+308 -1.7e+308 -1.7e+308 -1.7e+308 -1.7e+308 -1.7e+308 -1.7e+308 -1.7e+308 -1.7e+308 -1.7e+308 -1.7e+308 -1.7e+308 -1.7e+308 -1.7e+308 -1.7e+308 -1.7e+308 -1.7e+308 -1.7e+308 -1.7e+308 -1.7e+308 -1.7e+308 -1.7e+308 -1.7e+308 -1.7e+308 -1.7e+308 -1.7e+308 -1.7e+308 -1.7e+308 -1.7e+308 -1.7e+308 -1.7e+308 -1.7e+308 -1.7e+308 -1.7e+308 -1.7e+308 -1.7e+308 -1.7e+308 -1.7e+308 -1.7e+308 -1.7e+308 -1.7e+308 -1.7e+308 -1.7e+308 -1.7e+308 -1.7e+308 -1.7e+308 -1.7e+308 -1.7e+308 59 58 58 57 56 55 55 55 55 54 54 54 54 53
-1.7e+308 -1.7e+308 -1.7e+308 -1.7e+308 -1.7e+308 -1.7e+308 -1.7e+308 -1.7e+308 -1.7e+308 -1.7e+308 -1.7e+308 -1.7e+308 -1.7e+308 -1.7e+308 -1.7e+308 -1.7e+308 -1.7e+308 -1.7e+308 -1.7e+308 -1.7e+308 -1.7e+308 -1.7e+308 -1.7e+308 -1.7e+308 -1.7e+308 -1.7e+308 -1.7e+308 -1.7e+308 -1.7e+308 -1.7e+308 -1.7e+308 -1.7e+308 -1.7e+308 -1.7e+308 -1.7e+308 -1.7e+308 -1.7e+308 -1.7e+308 -1.7e+308 -1.7e+308 -1.7e+308 -1.7e+308 -1.7e+308 -1.7e+308 -1.7e+308 -1.7e+308 -1.7e+308 -1.7e+308 -1.7e+308 -1.7e+308 -1.7e+308 -1.7e+308 -1.7e+308 -1.7e+308 59 59 58 58 57 57 57 56 56 56 55 55 55
-1.7e+308 -1.7e+308 -1.7e+308 -1.7e+308 -1.7e+308 -1.7e+308 -1.7e+308 -1.7e+308 -1.7e+308 -1.7e+308 -1.7e+308 -1.7e+308 -1.7e+308 -1.7e+308 -1.7e+308 -1.7e+308 -1.7e+308 -1.7e+308 -1.7e+308 -1.7e+308 -1.7e+308 -1.7e+308 -1.7e+308 -1.7e+308 -1.7e+308 -1.7e+308 -1.7e+308 -1.7e+308 -1.7e+308 -1.7e+308 -1.7e+308 -1.7e+308 -1.7e+308 -1.7e+308 -1.7e+308 -1.7e+308 -1.7e+308 -1.7e+308 -1.7e+308 -1.7e+308 -1.7e+308 -1.7e+308 -1.7e+308 -1.7e+308 -1.7e+308 -1.7e+308 -1.7e+308 -1.7e+308 -1.7e+308 -1.7e+308 -1.7e+308 -1.7e+308 -1.7e+308 -1.7e+308 -1.7e+308 60 60 59 59 59 58 57 57 57 57 56 56
-1.7e+308 -1.7e+308 -1.7e+308 -1.7e+308 -1.7e+308 -1.7e+308 -1.7e+308 -1.7e+308 -1.7e+308 -1.7e+308 -1.7e+308 -1.7e+308 -1.7e+308 -1.7e+308 -1.7e+308 -1.7e+308 -1.7e+308 -1.7e+308 -1.7e+308 -1.7e+308 -1.7e+308 -1.7e+308 -1.7e+308 -1.7e+308 -1.7e+308 -1.7e+308 -1.7e+308 -1.7e+308 -1.7e+308 -1.7e+308 -1.7e+308 -1.7e+308 -1.7e+308 -1.7e+308 -1.7e+308 -1.7e+308 -1.7e+308 -1.7e+308 -1.7e+308 -1.7e+308 -1.7e+308 -1.7e+308 -1.7e+308 -1.7e+308 -1.7e+308 -1.7e+308 -1.7e+308 -1.7e+308 -1.7e+308 -1.7e+308 -1.7e+308 -1.7e+308 -1.7e+308 -1.7e+308 -1.7e+308 -1.7e+308 61 60 60 60 59 59 59 58 58 57 -1.7e+308
