MaxEnt_Example/PresentLayers/bio7.asc
NCOLS 182 
NROWS 155 
XLLCORNER -87.625 
YLLCORNER 24.5416666666667 
CELLSIZE 0.0416666666666666 
NODATA_value -1.7e+308 
[rows 0 to 28 of 155, columns 0 to 65 of 182]
-169999999999999993883079578865998174333346074304075874502773119193537729178160565864330091787584707988572262467983188919169916105593357174268369962062473635296474636515660464935663040684957844303524367815028553272712298986386310828644513212353921123253311675499856875650512437415429217994623324794855339589632.000000000000000 295 295 295 294 294 294 295 295 295 295 294 294 294 294 295 295 296 296 297 297 297 298 298 298 299 299 298 299 298 299 299 299 299 299 299 298 297 298 297 296 296 295 295 294 294 294 294 294 294 294 294 295 296 296 296 297 297 297 298 299 298 299 -1.7e+308 -1.7e+308 -1.7e+308
-1.7e+308 293 293 292 292 293 293 293 293 293 293 293 293 292 294 293 293 294 294 295 295 296 295 295 296 297 296 297 296 297 297 297 297 297 297 297 297 296 296 295 295 295 294 294 294 294 294 294 294 294 295 295 295 295 296 297 297 297 297 298 297 298 297 -1.7e+308 -1.7e+308 -1.7e+308
291 291 291 292 291 291 292 291 292 291 292 292 291 292 291 292 292 292 292 293 292 293 293 293 294 294 295 295 295 296 295 295 295 295 295 295 295 295 294 294 294 294 295 294 294 294 294 293 294 294 295 295 294 295 296 297 297 296 296 296 297 297 297 297 -1.7e+308 -1.7e+308
290 290 290 289 289 290 289 290 290 290 290 291 291 291 291 291 290 290 291 290 290 291 291 292 292 292 292 292 292 293 293 292 294 293 294 294 294 294 294 294 294 294 294 293 293 294 294 293 294 294 294 295 296 296 295 297 296 296 296 296 297 297 297 297 298 -1.7e+308
-1.7e+308 289 287 287 288 288 288 288 289 288 289 290 289 289 289 289 288 289 288 289 289 288 288 289 289 290 289 290 291 291 291 292 292 292 292 293 292 293 293 293 293 293 293 293 293 293 293 293 293 293 294 295 296 296 295 295 296 296 296 295 295 296 297 297 297 -1.7e+308
-1.7e+308 -1.7e+308 286 287 286 286 286 286 287 286 287 287 287 287 287 288 287 286 286 286 286 286 286 287 287 287 288 288 288 288 289 290 289 290 291 291 291 291 291 292 291 291 292 293 292 293 292 293 293 294 295 294 294 295 294 295 296 295 295 295 295 295 296 296 296 -1.7e+308
-1.7e+308 -1.7e+308 -1.7e+308 284 284 284 284 284 284 284 285 286 285 286 286 285 285 285 284 284 283 284 284 284 284 285 285 285 286 286 287 287 288 288 289 289 290 289 290 290 290 290 290 291 291 292 292 292 293 294 294 294 293 294 294 296 295 295 296 295 295 295 295 295 294 295
-1.7e+308 -1.7e+308 -1.7e+308 -1.7e+308 -1.7e+308 281 282 282 282 282 282 282 283 283 284 283 282 282 282 282 282 281 281 281 281 282 283 283 283 284 284 286 285 286 287 287 288 288 288 289 289 289 290 290 290 291 291 291 293 293 293 293 294 294 295 295 295 294 295 295 295 294 294 294 294 294
-1.7e+308 -1.7e+308 -1.7e+308 -1.7e+308 -1.7e+308 -1.7e+308 279 279 279 279 280 280 280 280 281 281 280 279 279 279 279 279 279 279 279 279 280 280 281 282 282 283 284 284 285 286 286 286 287 287 287 288 288 289 289 289 289 290 291 292 292 293 293 294 293 295 295 294 295 294 294 293 293 294 293 294
-1.7e+308 -1.7e+308 -1.7e+308 -1.7e+308 -1.7e+308 277 276 276 276 276 277 277 277 278 278 278 278 277 277 277 276 276 276 276 276 277 278 278 279 280 280 281 281 283 283 283 284 285 285 285 286 286 287 287 288 289 289 290 290 291 291 292 292 293 293 293 293 293 293 294 293 293 293 293 292 292
-1.7e+308 -1.7e+308 -1.7e+308 -1.7e+308 -1.7e+308 274 273 273 273 273 274 -1.7e+308 275 275 275 276 275 274 275 274 274 274 274 274 275 275 275 276 277 277 278 279 280 281 282 282 282 283 283 284 285 285 285 286 287 287 288 289 289 290 291 292 293 292 292 293 293 293 293 292 292 292 293 292 291 291
-1.7e+308 -1.7e+308 -1.7e+308 -1.7e+308 272 271 271 271 271 271 272 -1.7e+308 -1.7e+308 273 -1.7e+308 272 273 272 272 271 272 271 271 271 272 272 273 273 274 275 276 277 278 279 279 279 281 281 281 283 282 284 284 284 285 286 287 287 288 289 291 291 292 292 293 292 293 292 292 292 292 291 291 291 291 290
-1.7e+308 -1.7e+308 -1.7e+308 -1.7e+308 -1.7e+308 268 268 267 268 268 268 -1.7e+308 -1.7e+308 270 -1.7e+308 -1.7e+308 270 270 269 269 269 269 269 269 269 270 271 -1.7e+308 272 273 275 275 -1.7e+308 277 277 278 278 279 279 281 281 282 283 283 283 284 285 286 287 288 290 291 292 292 292 292 291 291 292 291 291 290 290 289 289 289
-1.7e+308 -1.7e+308 -1.7e+308 -1.7e+308 -1.7e+308 -1.7e+308 -1.7e+308 266 265 265 266 -1.7e+308 -1.7e+308 -1.7e+308 -1.7e+308 -1.7e+308 268 267 267 266 267 266 267 266 267 268 -1.7e+308 -1.7e+308 -1.7e+308 -1.7e+308 -1.7e+308 -1.7e+308 -1.7e+308 -1.7e+308 -1.7e+308 277 277 278 278 279 280 280 280 281 282 283 284 285 285 287 288 290 290 291 291 290 291 290 290 289 289 290 289 289 288 288
-1.7e+308 -1.7e+308 -1.7e+308 -1.7e+308 -1.7e+308 264 263 263 263 -1.7e+308 -1.7e+308 -1.7e+308 -1.7e+308 264 265 266 -1.7e+308 -1.7e+308 -1.7e+308 -1.7e+308 -1.7e+308 265 264 -1.7e+308 266 -1.7e+308 -1.7e+308 268 268 269 -1.7e+308 271 272 273 -1.7e+308 -1.7e+308 275 276 276 276 278 278 279 279 280 281 282 283 284 285 286 288 288 290 290 289 289 288 289 288 288 289 288 287 287 287
-1.7e+308 -1.7e+308 -1.7e+308 -1.7e+308 -1.7e+308 262 261 261 262 -1.7e+308 261 -1.7e+308 -1.7e+308 -1.7e+308 263 -1.7e+308 -1.7e+308 -1.7e+308 -1.7e+308 -1.7e+308 -1.7e+308 -1.7e+308 -1.7e+308 -1.7e+308 -1.7e+308 -1.7e+308 -1.7e+308 -1.7e+308 -1.7e+308 -1.7e+308 -1.7e+308 -1.7e+308 -1.7e+308 271 271 271 273 273 274 275 276 276 277 278 278 279 280 281 282 284 285 285 286 287 287 287 288 288 287 287 287 288 287 286 287 286
-1.7e+308 -1.7e+308 -1.7e+308 261 -1.7e+308 -1.7e+308 261 -1.7e+308 -1.7e+308 -1.7e+308 -1.7e+308 -1.7e+308 -1.7e+308 -1.7e+308 -1.7e+308 -1.7e+308 -1.7e+308 -1.7e+308 -1.7e+308 -1.7e+308 -1.7e+308 -1.7e+308 -1.7e+308 -1.7e+308 -1.7e+308 -1.7e+308 -1.7e+308 -1.7e+308 -1.7e+308 -1.7e+308 -1.7e+308 -1.7e+308 -1.7e+308 -1.7e+308 -1.7e+308 -1.7e+308 271 271 272 273 274 274 275 275 277 278 278 279 280 281 281 283 283 285 285 286 286 286 286 286 286 286 286 285 285 285
-1.7e+308 -1.7e+308 -1.7e+308 -1.7e+308 -1.7e+308 -1.7e+308 -1.7e+308 -1.7e+308 -1.7e+308 -1.7e+308 -1.7e+308 -1.7e+308 -1.7e+308 -1.7e+308 -1.7e+308 -1.7e+308 -1.7e+308 -1.7e+308 -1.7e+308 -1.7e+308 -1.7e+308 -1.7e+308 -1.7e+308 -1.7e+308 -1.7e+308 -1.7e+308 -1.7e+308 -1.7e+308 -1.7e+308 -1.7e+308 -1.7e+308 -1.7e+308 -1.7e+308 -1.7e+308 -1.7e+308 -1.7e+308 -1.7e+308 -1.7e+308 -1.7e+308 271 271 272 273 -1.7e+308 -1.7e+308 276 277 277 278 278 279 280 281 282 283 283 283 284 285 285 285 284 284 284 284 283
-1.7e+308 -1.7e+308 -1.7e+308 -1.7e+308 -1.7e+308 -1.7e+308 -1.7e+308 -1.7e+308 -1.7e+308 -1.7e+308 -1.7e+308 -1.7e+308 -1.7e+308 -1.7e+308 -1.7e+308 -1.7e+308 -1.7e+308 -1.7e+308 -1.7e+308 -1.7e+308 -1.7e+308 -1.7e+308 -1.7e+308 -1.7e+308 -1.7e+308 -1.7e+308 -1.7e+308 -1.7e+308 -1.7e+308 -1.7e+308 -1.7e+308 -1.7e+308 -1.7e+308 -1.7e+308 -1.7e+308 -1.7e+308 -1.7e+308 -1.7e+308 -1.7e+308 -1.7e+308 -1.7e+308 271 271 272 273 -1.7e+308 -1.7e+308 274 275 275 276 277 278 280 280 281 282 283 283 283 283 284 283 283 282 282
-1.7e+308 -1.7e+308 -1.7e+308 -1.7e+308 -1.7e+308 -1.7e+308 -1.7e+308 -1.7e+308 -1.7e+308 -1.7e+308 -1.7e+308 -1.7e+308 -1.7e+308 -1.7e+308 -1.7e+308 -1.7e+308 -1.7e+308 -1.7e+308 -1.7e+308 -1.7e+308 -1.7e+308 -1.7e+308 -1.7e+308 -1.7e+308 -1.7e+308 -1.7e+308 -1.7e+308 -1.7e+308 -1.7e+308 -1.7e+308 -1.7e+308 -1.7e+308 -1.7e+308 -1.7e+308 -1.7e+308 -1.7e+308 -1.7e+308 -1.7e+308 -1.7e+308 -1.7e+308 -1.7e+308 -1.7e+308 -1.7e+308 270 270 -1.7e+308 271 271 272 272 273 274 275 277 278 279 280 281 282 281 282 282 282 281 281 282
-1.7e+308 -1.7e+308 -1.7e+308 -1.7e+308 -1.7e+308 -1.7e+308 -1.7e+308 -1.7e+308 -1.7e+308 -1.7e+308 -1.7e+308 -1.7e+308 -1.7e+308 -1.7e+308 -1.7e+308 -1.7e+308 -1.7e+308 -1.7e+308 -1.7e+308 -1.7e+308 -1.7e+308 -1.7e+308 -1.7e+308 -1.7e+308 -1.7e+308 -1.7e+308 -1.7e+308 -1.7e+308 -1.7e+308 -1.7e+308 -1.7e+308 -1.7e+308 -1.7e+308 -1.7e+308 -1.7e+308 -1.7e+308 -1.7e+308 -1.7e+308 -1.7e+308 -1.7e+308 -1.7e+308 -1.7e+308 -1.7e+308 -1.7e+308 -1.7e+308 268 -1.7e+308 269 268 269 269 271 273 274 276 277 279 280 280 280 280 280 280 280 280 279
-1.7e+308 -1.7e+308 -1.7e+308 -1.7e+308 -1.7e+308 -1.7e+308 -1.7e+308 -1.7e+308 -1.7e+308 -1.7e+308 -1.7e+308 -1.7e+308 -1.7e+308 -1.7e+308 -1.7e+308 -1.7e+308 -1.7e+308 -1.7e+308 -1.7e+308 -1.7e+308 -1.7e+308 -1.7e+308 -1.7e+308 -1.7e+308 -1.7e+308 -1.7e+308 -1.7e+308 -1.7e+308 -1.7e+308 -1.7e+308 -1.7e+308 -1.7e+308 -1.7e+308 -1.7e+308 -1.7e+308 -1.7e+308 -1.7e+308 -1.7e+308 -1.7e+308 -1.7e+308 -1.7e+308 -1.7e+308 -1.7e+308 -1.7e+308 -1.7e+308 -1.7e+308 -1.7e+308 265 -1.7e+308 -1.7e+308 268 268 270 271 273 274 276 277 278 278 278 278 278 278 278 277
-1.7e+308 -1.7e+308 -1.7e+308 -1.7e+308 -1.7e+308 -1.7e+308 -1.7e+308 -1.7e+308 -1.7e+308 -1.7e+308 -1.7e+308 -1.7e+308 -1.7e+308 -1.7e+308 -1.7e+308 -1.7e+308 -1.7e+308 -1.7e+308 -1.7e+308 -1.7e+308 -1.7e+308 -1.7e+308 -1.7e+308 -1.7e+308 -1.7e+308 -1.7e+308 -1.7e+308 -1.7e+308 -1.7e+308 -1.7e+308 -1.7e+308 -1.7e+308 -1.7e+308 -1.7e+308 -1.7e+308 -1.7e+308 -1.7e+308 -1.7e+308 -1.7e+308 -1.7e+308 -1.7e+308 -1.7e+308 -1.7e+308 -1.7e+308 -1.7e+308 -1.7e+308 -1.7e+308 -1.7e+308 262 261 -1.7e+308 266 -1.7e+308 270 271 272 274 275 275 275 275 275 276 276 276 276
-1.7e+308 -1.7e+308 -1.7e+308 -1.7e+308 -1.7e+308 -1.7e+308 -1.7e+308 -1.7e+308 -1.7e+308 -1.7e+308 -1.7e+308 -1.7e+308 -1.7e+308 -1.7e+308 -1.7e+308 -1.7e+308 -1.7e+308 -1.7e+308 -1.7e+308 -1.7e+308 -1.7e+308 -1.7e+308 -1.7e+308 -1.7e+308 -1.7e+308 -1.7e+308 -1.7e+308 -1.7e+308 -1.7e+308 -1.7e+308 -1.7e+308 -1.7e+308 -1.7e+308 -1.7e+308 -1.7e+308 -1.7e+308 -1.7e+308 -1.7e+308 -1.7e+308 -1.7e+308 -1.7e+308 -1.7e+308 -1.7e+308 -1.7e+308 -1.7e+308 -1.7e+308 -1.7e+308 -1.7e+308 -1.7e+308 -1.7e+308 262 263 -1.7e+308 267 269 270 271 272 273 274 273 273 273 273 273 275
-1.7e+308 -1.7e+308 -1.7e+308 -1.7e+308 -1.7e+308 -1.7e+308 -1.7e+308 -1.7e+308 -1.7e+308 -1.7e+308 -1.7e+308 -1.7e+308 -1.7e+308 -1.7e+308 -1.7e+308 -1.7e+308 -1.7e+308 -1.7e+308 -1.7e+308 -1.7e+308 -1.7e+308 -1.7e+308 -1.7e+308 -1.7e+308 -1.7e+308 -1.7e+308 -1.7e+308 -1.7e+308 -1.7e+308 -1.7e+308 -1.7e+308 -1.7e+308 -1.7e+308 -1.7e+308 -1.7e+308 -1.7e+308 -1.7e+308 -1.7e+308 -1.7e+308 -1.7e+308 -1.7e+308 -1.7e+308 -1.7e+308 -1.7e+308 -1.7e+308 -1.7e+308 -1.7e+308 -1.7e+308 -1.7e+308 -1.7e+308 -1.7e+308 262 263 265 266 267 269 269 270 271 272 271 272 272 273 273
-1.7e+308 -1.7e+308 -1.7e+308 -1.7e+308 -1.7e+308 -1.7e+308 -1.7e+308 -1.7e+308 -1.7e+308 -1.7e+308 -1.7e+308 -1.7e+308 -1.7e+308 -1.7e+308 -1.7e+308 -1.7e+308 -1.7e+308 -1.7e+308 -1.7e+308 -1.7e+308 -1.7e+308 -1.7e+308 -1.7e+308 -1.7e+308 -1.7e+308 -1.7e+308 -1.7e+308 -1.7e+308 -1.7e+308 -1.7e+308 -1.7e+308 -1.7e+308 -1.7e+308 -1.7e+308 -1.7e+308 -1.7e+308 -1.7e+308 -1.7e+308 -1.7e+308 -1.7e+308 -1.7e+308 -1.7e+308 -1.7e+308 -1.7e+308 -1.7e+308 -1.7e+308 -1.7e+308 -1.7e+308 -1.7e+308 -1.7e+308 -1.7e+308 -1.7e+308 -1.7e+308 263 264 265 266 267 269 269 269 269 270 270 270 270
-1.7e+308 -1.7e+308 -1.7e+308 -1.7e+308 -1.7e+308 -1.7e+308 -1.7e+308 -1.7e+308 -1.7e+308 -1.7e+308 -1.7e+308 -1.7e+308 -1.7e+308 -1.7e+308 -1.7e+308 -1.7e+308 -1.7e+308 -1.7e+308 -1.7e+308 -1.7e+308 -1.7e+308 -1.7e+308 -1.7e+308 -1.7e+308 -1.7e+308 -1.7e+308 -1.7e+308 -1.7e+308 -1.7e+308 -1.7e+308 -1.7e+308 -1.7e+308 -1.7e+308 -1.7e+308 -1.7e+308 -1.7e+308 -1.7e+308 -1.7e+308 -1.7e+308 -1.7e+308 -1.7e+308 -1.7e+308 -1.7e+308 -1.7e+308 -1.7e+308 -1.7e+308 -1.7e+308 -1.7e+308 -1.7e+308 -1.7e+308 -1.7e+308 -1.7e+308 -1.7e+308 -1.7e+308 263 263 264 264 266 266 266 267 267 267 268 269
-1.7e+308 -1.7e+308 -1.7e+308 -1.7e+308 -1.7e+308 -1.7e+308 -1.7e+308 -1.7e+308 -1.7e+308 -1.7e+308 -1.7e+308 -1.7e+308 -1.7e+308 -1.7e+308 -1.7e+308 -1.7e+308 -1.7e+308 -1.7e+308 -1.7e+308 -1.7e+308 -1.7e+308 -1.7e+308 -1.7e+308 -1.7e+308 -1.7e+308 -1.7e+308 -1.7e+308 -1.7e+308 -1.7e+308 -1.7e+308 -1.7e+308 -1.7e+308 -1.7e+308 -1.7e+308 -1.7e+308 -1.7e+308 -1.7e+308 -1.7e+308 -1.7e+308 -1.7e+308 -1.7e+308 -1.7e+308 -1.7e+308 -1.7e+308 -1.7e+308 -1.7e+308 -1.7e+308 -1.7e+308 -1.7e+308 -1.7e+308 -1.7e+308 -1.7e+308 -1.7e+308 -1.7e+308 -1.7e+308 261 262 262 263 263 264 265 265 265 266 267
-1.7e+308 -1.7e+308 -1.7e+308 -1.7e+308 -1.7e+308 -1.7e+308 -1.7e+308 -1.7e+308 -1.7e+308 -1.7e+308 -1.7e+308 -1.7e+308 -1.7e+308 -1.7e+308 -1.7e+308 -1.7e+308 -1.7e+308 -1.7e+308 -1.7e+308 -1.7e+308 -1.7e+308 -1.7e+308 -1.7e+308 -1.7e+308 -1.7e+308 -1.7e+308 -1.7e+308 -1.7e+308 -1.7e+308 -1.7e+308 -1.7e+308 -1.7e+308 -1.7e+308 -1.7e+308 -1.7e+308 -1.7e+308 -1.7e+308 -1.7e+308 -1.7e+308 -1.7e+308 -1.7e+308 -1.7e+308 -1.7e+308 -1.7e+308 -1.7e+308 -1.7e+308 -1.7e+308 -1.7e+308 -1.7e+308 -1.7e+308 -1.7e+308 -1.7e+308 -1.7e+308 -1.7e+308 -1.7e+308 -1.7e+308 260 261 261 261 262 262 262 263 264 265
