MaxEnt_Example/PresentLayers/bio7.asc
NCOLS 182 
NROWS 155 
XLLCORNER -87.625 
YLLCORNER 24.5416666666667 
CELLSIZE 0.0416666666666666 
NODATA_value -1.7e+308 
[rows 0 to 28 of 155, columns 66 to 131 of 182]
-1.7e+308 -1.7e+308 -1.7e+308 -1.7e+308 -1.7e+308 -1.7e+308 -1.7e+308 -1.7e+308 -1.7e+308 -1.7e+308 -1.7e+308 -1.7e+308 -1.7e+308 -1.7e+308 -1.7e+308 -1.7e+308 -1.7e+308 -1.7e+308 -1.7e+308 -1.7e+308 -1.7e+308 -1.7e+308 -1.7e+308 -1.7e+308 -1.7e+308 -1.7e+308 -1.7e+308 -1.7e+308 -1.7e+308 -1.7e+308 -1.7e+308 -1.7e+308 -1.7e+308 -1.7e+308 -1.7e+308 -1.7e+308 -1.7e+308 -1.7e+308 -1.7e+308 -1.7e+308 -1.7e+308 -1.7e+308 -1.7e+308 -1.7e+308 -1.7e+308 -1.7e+308 -1.7e+308 -1.7e+308 -1.7e+308 -1.7e+308 -1.7e+308 -1.7e+308 -1.7e+308 -1.7e+308 -1.7e+308 -1.7e+308 -1.7e+308 -1.7e+308 -1.7e+308 -1.7e+308 -1.7e+308 -1.7e+308 -1.7e+308 -1.7e+308 -1.7e+308 -1.7e+308
-1.7e+308 -1.7e+308 -1.7e+308 -1.7e+308 -1.7e+308 -1.7e+308 -1.7e+308 -1.7e+308 -1.7e+308 -1.7e+308 -1.7e+308 -1.7e+308 -1.7e+308 -1.7e+308 -1.7e+308 -1.7e+308 -1.7e+308 -1.7e+308 -1.7e+308 -1.7e+308 -1.7e+308 -1.7e+308 -1.7e+308 -1.7e+308 -1.7e+308 -1.7e+308 -1.7e+308 -1.7e+308 -1.7e+308 -1.7e+308 -1.7e+308 -1.7e+308 -1.7e+308 -1.7e+308 -1.7e+308 -1.7e+308 -1.7e+308 -1.7e+308 -1.7e+308 -1.7e+308 -1.7e+308 -1.7e+308 -1.7e+308 -1.7e+308 -1.7e+308 -1.7e+308 -1.7e+308 -1.7e+308 -1.7e+308 -1.7e+308 -1.7e+308 -1.7e+308 -1.7e+308 -1.7e+308 -1.7e+308 -1.7e+308 -1.7e+308 -1.7e+308 -1.7e+308 -1.7e+308 -1.7e+308 -1.7e+308 -1.7e+308 -1.7e+308 -1.7e+308 -1.7e+308
-1.7e+308 -1.7e+308 -1.7e+308 -1.7e+308 -1.7e+308 -1.7e+308 -1.7e+308 -1.7e+308 -1.7e+308 -1.7e+308 -1.7e+308 -1.7e+308 -1.7e+308 -1.7e+308 -1.7e+308 -1.7e+308 -1.7e+308 -1.7e+308 -1.7e+308 -1.7e+308 -1.7e+308 -1.7e+308 -1.7e+308 -1.7e+308 -1.7e+308 -1.7e+308 -1.7e+308 -1.7e+308 -1.7e+308 -1.7e+308 -1.7e+308 -1.7e+308 -1.7e+308 -1.7e+308 -1.7e+308 -1.7e+308 -1.7e+308 -1.7e+308 -1.7e+308 -1.7e+308 -1.7e+308 -1.7e+308 -1.7e+308 -1.7e+308 -1.7e+308 -1.7e+308 -1.7e+308 -1.7e+308 -1.7e+308 -1.7e+308 -1.7e+308 -1.7e+308 -1.7e+308 -1.7e+308 -1.7e+308 -1.7e+308 -1.7e+308 -1.7e+308 -1.7e+308 -1.7e+308 -1.7e+308 -1.7e+308 -1.7e+308 -1.7e+308 -1.7e+308 -1.7e+308
-1.7e+308 -1.7e+308 -1.7e+308 -1.7e+308 -1.7e+308 -1.7e+308 -1.7e+308 -1.7e+308 -1.7e+308 -1.7e+308 -1.7e+308 -1.7e+308 -1.7e+308 -1.7e+308 -1.7e+308 -1.7e+308 -1.7e+308 -1.7e+308 -1.7e+308 -1.7e+308 -1.7e+308 -1.7e+308 -1.7e+308 -1.7e+308 -1.7e+308 -1.7e+308 -1.7e+308 -1.7e+308 -1.7e+308 -1.7e+308 -1.7e+308 -1.7e+308 -1.7e+308 -1.7e+308 -1.7e+308 -1.7e+308 -1.7e+308 -1.7e+308 -1.7e+308 -1.7e+308 -1.7e+308 -1.7e+308 -1.7e+308 -1.7e+308 -1.7e+308 -1.7e+308 -1.7e+308 -1.7e+308 -1.7e+308 -1.7e+308 -1.7e+308 -1.7e+308 -1.7e+308 -1.7e+308 -1.7e+308 -1.7e+308 -1.7e+308 -1.7e+308 -1.7e+308 -1.7e+308 -1.7e+308 -1.7e+308 -1.7e+308 -1.7e+308 -1.7e+308 -1.7e+308
-1.7e+308 -1.7e+308 -1.7e+308 -1.7e+308 -1.7e+308 -1.7e+308 -1.7e+308 -1.7e+308 -1.7e+308 -1.7e+308 -1.7e+308 -1.7e+308 -1.7e+308 -1.7e+308 -1.7e+308 -1.7e+308 -1.7e+308 -1.7e+308 -1.7e+308 -1.7e+308 -1.7e+308 -1.7e+308 -1.7e+308 -1.7e+308 -1.7e+308 -1.7e+308 -1.7e+308 -1.7e+308 -1.7e+308 -1.7e+308 -1.7e+308 -1.7e+308 -1.7e+308 -1.7e+308 -1.7e+308 -1.7e+308 -1.7e+308 -1.7e+308 -1.7e+308 -1.7e+308 -1.7e+308 -1.7e+308 -1.7e+308 -1.7e+308 -1.7e+308 -1.7e+308 -1.7e+308 -1.7e+308 -1.7e+308 -1.7e+308 -1.7e+308 -1.7e+308 -1.7e+308 -1.7e+308 -1.7e+308 -1.7e+308 -1.7e+308 -1.7e+308 -1.7e+308 -1.7e+308 -1.7e+308 -1.7e+308 -1.7e+308 -1.7e+308 -1.7e+308 -1.7e+308
-1.7e+308 -1.7e+308 -1.7e+308 -1.7e+308 -1.7e+308 -1.7e+308 -1.7e+308 -1.7e+308 -1.7e+308 -1.7e+308 -1.7e+308 -1.7e+308 -1.7e+308 -1.7e+308 -1.7e+308 -1.7e+308 -1.7e+308 -1.7e+308 -1.7e+308 -1.7e+308 -1.7e+308 -1.7e+308 -1.7e+308 -1.7e+308 -1.7e+308 -1.7e+308 -1.7e+308 -1.7e+308 -1.7e+308 -1.7e+308 -1.7e+308 -1.7e+308 -1.7e+308 -1.7e+308 -1.7e+308 -1.7e+308 -1.7e+308 -1.7e+308 -1.7e+308 -1.7e+308 -1.7e+308 -1.7e+308 -1.7e+308 -1.7e+308 -1.7e+308 -1.7e+308 -1.7e+308 -1.7e+308 -1.7e+308 -1.7e+308 -1.7e+308 -1.7e+308 -1.7e+308 -1.7e+308 -1.7e+308 -1.7e+308 -1.7e+308 -1.7e+308 -1.7e+308 -1.7e+308 -1.7e+308 -1.7e+308 -1.7e+308 -1.7e+308 -1.7e+308 -1.7e+308
-1.7e+308 -1.7e+308 -1.7e+308 -1.7e+308 -1.7e+308 -1.7e+308 -1.7e+308 -1.7e+308 -1.7e+308 -1.7e+308 -1.7e+308 -1.7e+308 -1.7e+308 -1.7e+308 -1.7e+308 -1.7e+308 -1.7e+308 -1.7e+308 -1.7e+308 -1.7e+308 -1.7e+308 -1.7e+308 -1.7e+308 -1.7e+308 -1.7e+308 -1.7e+308 -1.7e+308 -1.7e+308 -1.7e+308 -1.7e+308 -1.7e+308 -1.7e+308 -1.7e+308 -1.7e+308 -1.7e+308 -1.7e+308 -1.7e+308 -1.7e+308 -1.7e+308 -1.7e+308 -1.7e+308 -1.7e+308 -1.7e+308 -1.7e+308 -1.7e+308 -1.7e+308 -1.7e+308 -1.7e+308 -1.7e+308 -1.7e+308 -1.7e+308 -1.7e+308 -1.7e+308 -1.7e+308 -1.7e+308 -1.7e+308 -1.7e+308 -1.7e+308 -1.7e+308 -1.7e+308 -1.7e+308 -1.7e+308 -1.7e+308 -1.7e+308 -1.7e+308 -1.7e+308
294 294 293 293 292 291 291 292 291 291 292 292 293 -1.7e+308 -1.7e+308 -1.7e+308 -1.7e+308 -1.7e+308 -1.7e+308 -1.7e+308 -1.7e+308 -1.7e+308 -1.7e+308 -1.7e+308 -1.7e+308 -1.7e+308 -1.7e+308 -1.7e+308 -1.7e+308 -1.7e+308 -1.7e+308 -1.7e+308 -1.7e+308 -1.7e+308 -1.7e+308 -1.7e+308 -1.7e+308 -1.7e+308 -1.7e+308 -1.7e+308 -1.7e+308 -1.7e+308 -1.7e+308 -1.7e+308 -1.7e+308 -1.7e+308 -1.7e+308 -1.7e+308 -1.7e+308 -1.7e+308 -1.7e+308 -1.7e+308 -1.7e+308 -1.7e+308 -1.7e+308 -1.7e+308 -1.7e+308 -1.7e+308 -1.7e+308 -1.7e+308 -1.7e+308 -1.7e+308 -1.7e+308 -1.7e+308 -1.7e+308 -1.7e+308
292 292 292 291 291 291 291 290 290 290 291 291 292 292 291 292 292 292 292 292 292 293 292 292 292 291 291 291 290 291 290 289 289 -1.7e+308 -1.7e+308 -1.7e+308 -1.7e+308 -1.7e+308 -1.7e+308 -1.7e+308 -1.7e+308 -1.7e+308 -1.7e+308 -1.7e+308 -1.7e+308 -1.7e+308 -1.7e+308 -1.7e+308 -1.7e+308 -1.7e+308 -1.7e+308 -1.7e+308 -1.7e+308 -1.7e+308 -1.7e+308 -1.7e+308 -1.7e+308 -1.7e+308 -1.7e+308 -1.7e+308 -1.7e+308 -1.7e+308 -1.7e+308 -1.7e+308 -1.7e+308 -1.7e+308
291 292 291 291 290 290 289 289 289 289 290 290 291 291 291 292 291 291 291 292 292 292 292 292 291 291 291 290 290 290 290 289 288 288 288 287 287 288 288 289 289 289 290 291 292 293 293 294 294 294 -1.7e+308 -1.7e+308 -1.7e+308 -1.7e+308 -1.7e+308 -1.7e+308 -1.7e+308 -1.7e+308 -1.7e+308 -1.7e+308 -1.7e+308 -1.7e+308 -1.7e+308 -1.7e+308 -1.7e+308 -1.7e+308
291 290 290 290 289 289 289 288 288 288 289 291 291 291 290 291 291 291 291 291 291 291 290 290 291 290 290 290 289 290 289 288 287 287 288 288 287 288 288 288 289 290 290 292 292 293 293 294 294 294 294 293 293 293 293 294 294 294 293 294 294 294 293 293 -1.7e+308 -1.7e+308
290 289 289 289 289 288 288 288 288 288 288 290 290 290 290 290 290 291 291 291 291 290 290 290 290 290 289 289 289 289 288 287 287 287 287 286 287 288 288 289 290 290 291 291 293 293 294 294 293 293 293 293 293 293 293 292 293 293 293 293 293 292 293 -1.7e+308 -1.7e+308 -1.7e+308
289 289 289 288 288 287 288 287 287 288 289 290 290 289 290 290 290 290 290 290 290 290 290 290 289 290 289 289 288 288 288 287 287 286 286 287 287 287 287 289 289 289 291 291 291 292 292 293 293 293 293 293 292 292 292 292 292 292 292 292 293 293 292 292 -1.7e+308 -1.7e+308
288 288 288 288 287 287 288 287 288 288 288 288 290 289 289 289 290 289 289 289 289 289 289 289 289 289 289 289 289 288 287 287 287 287 287 288 287 287 288 289 289 289 289 291 292 292 292 291 291 291 292 292 292 291 291 291 291 291 291 293 293 293 292 291 -1.7e+308 -1.7e+308
287 287 286 286 287 287 287 286 287 287 288 288 289 289 289 288 288 289 289 289 289 289 288 289 289 288 288 288 288 288 287 287 287 286 287 287 287 288 287 288 289 289 289 291 291 291 292 292 291 291 290 291 291 291 291 290 291 291 291 291 291 291 292 290 -1.7e+308 -1.7e+308
285 285 286 286 286 286 286 286 286 287 287 288 287 288 288 288 288 289 288 288 288 288 287 288 288 289 288 288 288 287 287 287 286 287 287 287 287 287 287 288 289 288 289 290 290 290 291 291 291 290 291 291 289 289 289 289 290 290 290 291 291 290 290 291 291 290
285 285 285 285 284 285 285 285 286 286 286 287 286 286 287 287 287 288 288 288 288 287 287 287 288 287 287 287 287 287 287 287 287 287 287 287 287 287 287 288 288 288 289 289 290 290 290 290 289 289 289 289 289 288 288 288 288 288 290 289 290 290 290 290 290 289
283 283 283 283 284 284 284 284 284 285 285 286 286 286 286 286 287 287 287 287 287 286 287 287 287 287 288 287 287 286 287 287 287 287 287 287 287 287 287 288 288 288 289 289 288 290 290 289 289 288 289 289 288 287 288 287 288 288 287 288 289 289 290 289 289 288
283 283 283 282 282 283 283 283 283 284 284 284 285 285 286 286 286 286 285 286 286 286 286 286 286 287 287 287 287 286 287 286 286 287 287 287 287 287 287 287 287 288 289 288 289 289 289 288 288 288 288 287 286 286 286 286 285 287 287 287 288 288 288 287 287 287
282 281 281 282 282 282 282 282 282 284 283 283 283 284 284 285 285 285 284 285 286 286 286 286 285 286 286 286 286 286 286 286 286 287 287 287 287 287 287 287 287 288 288 288 288 287 287 287 286 286 287 286 286 285 285 284 284 285 286 287 287 287 287 287 286 285
279 279 280 280 280 280 280 281 281 282 282 283 283 283 283 283 284 284 284 285 284 285 285 285 285 285 286 286 286 286 286 285 286 286 286 286 287 287 287 287 287 287 287 288 287 287 287 286 286 286 286 286 285 285 284 284 284 284 285 285 285 285 285 285 284 283
279 278 278 278 279 279 279 280 280 281 281 281 282 282 282 282 282 283 284 284 284 284 284 284 284 284 284 285 286 285 285 286 285 286 286 286 287 287 287 286 286 287 287 287 286 287 287 287 286 286 286 286 285 285 284 284 284 284 284 284 284 284 284 283 283 282
276 276 277 277 277 278 278 279 279 280 280 280 -1.7e+308 -1.7e+308 -1.7e+308 -1.7e+308 -1.7e+308 -1.7e+308 -1.7e+308 -1.7e+308 -1.7e+308 -1.7e+308 283 283 284 284 284 285 285 285 285 285 285 285 286 287 287 287 287 286 288 287 287 287 286 287 287 286 286 286 285 285 285 285 284 284 284 284 284 284 283 283 282 282 281 280
275 275 275 275 277 277 277 277 278 278 279 279 -1.7e+308 -1.7e+308 -1.7e+308 -1.7e+308 -1.7e+308 -1.7e+308 -1.7e+308 -1.7e+308 -1.7e+308 -1.7e+308 -1.7e+308 -1.7e+308 283 284 284 284 284 284 284 284 285 285 285 286 287 286 285 285 286 285 286 285 286 285 286 286 285 285 285 284 284 284 284 283 283 283 282 282 281 281 281 280 279 279
273 273 273 274 274 275 276 275 276 276 -1.7e+308 -1.7e+308 278 -1.7e+308 -1.7e+308 -1.7e+308 -1.7e+308 -1.7e+308 -1.7e+308 -1.7e+308 -1.7e+308 -1.7e+308 -1.7e+308 -1.7e+308 -1.7e+308 -1.7e+308 283 284 283 284 284 284 284 284 285 285 284 285 285 285 285 285 286 285 285 285 286 285 285 285 284 284 284 284 284 283 283 282 282 281 281 280 280 279 277 277
271 272 272 273 274 274 274 275 275 275 276 276 276 -1.7e+308 -1.7e+308 -1.7e+308 -1.7e+308 -1.7e+308 -1.7e+308 -1.7e+308 -1.7e+308 -1.7e+308 -1.7e+308 -1.7e+308 -1.7e+308 -1.7e+308 -1.7e+308 -1.7e+308 282 282 283 283 284 284 284 285 285 284 285 285 285 285 284 285 285 285 284 285 285 285 284 284 284 284 283 283 282 281 281 280 280 279 278 277 276 276
269 270 270 271 271 272 272 273 -1.7e+308 -1.7e+308 -1.7e+308 -1.7e+308 -1.7e+308 -1.7e+308 -1.7e+308 -1.7e+308 -1.7e+308 -1.7e+308 -1.7e+308 -1.7e+308 -1.7e+308 -1.7e+308 -1.7e+308 -1.7e+308 -1.7e+308 -1.7e+308 -1.7e+308 -1.7e+308 -1.7e+308 283 282 283 284 284 283 284 283 284 285 285 285 284 285 284 285 284 284 284 284 284 284 284 284 283 283 283 281 281 279 279 278 277 276 275 275 275
267 268 269 269 270 271 -1.7e+308 -1.7e+308 -1.7e+308 -1.7e+308 -1.7e+308 -1.7e+308 -1.7e+308 -1.7e+308 -1.7e+308 -1.7e+308 -1.7e+308 -1.7e+308 -1.7e+308 -1.7e+308 -1.7e+308 -1.7e+308 -1.7e+308 -1.7e+308 -1.7e+308 -1.7e+308 -1.7e+308 -1.7e+308 -1.7e+308 -1.7e+308 282 282 283 284 284 284 284 284 284 284 284 284 284 285 284 283 283 284 284 283 283 284 283 283 283 282 281 280 279 278 276 276 275 273 273 273
-1.7e+308 266 267 268 -1.7e+308 -1.7e+308 -1.7e+308 -1.7e+308 -1.7e+308 -1.7e+308 -1.7e+308 -1.7e+308 -1.7e+308 -1.7e+308 -1.7e+308 -1.7e+308 -1.7e+308 -1.7e+308 -1.7e+308 -1.7e+308 -1.7e+308 -1.7e+308 -1.7e+308 -1.7e+308 -1.7e+308 -1.7e+308 -1.7e+308 -1.7e+308 -1.7e+308 -1.7e+308 -1.7e+308 282 282 282 283 283 284 284 284 283 283 283 283 283 283 283 283 283 283 283 282 282 282 283 283 280 279 279 277 276 275 274 273 272 272 271
