MaxEnt_Example/PresentLayers/bio9.asc
NCOLS 182 
NROWS 155 
XLLCORNER -87.625 
YLLCORNER 24.5416666666667 
CELLSIZE 0.0416666666666666 
NODATA_value -1.7e+308 
[rows 0 to 28 of 155, columns 0 to 65 of 182]
-169999999999999993883079578865998174333346074304075874502773119193537729178160565864330091787584707988572262467983188919169916105593357174268369962062473635296474636515660464935663040684957844303524367815028553272712298986386310828644513212353921123253311675499856875650512437415429217994623324794855339589632.000000000000000 194 194 193 193 193 193 192 194 194 193 145 145 144 144 144 144 144 144 144 144 145 144 144 144 145 144 144 144 144 144 144 145 145 146 146 147 148 148 148 148 148 149 149 148 196 196 196 196 196 196 197 197 197 197 198 198 198 198 198 199 199 199 -1.7e+308 -1.7e+308 -1.7e+308
-1.7e+308 194 149 148 148 148 148 148 149 148 147 146 146 145 145 146 146 145 145 145 145 146 145 145 146 146 145 145 145 145 145 145 145 145 146 146 147 148 148 148 149 149 150 149 149 150 150 196 196 196 197 197 197 197 198 198 198 198 198 198 199 199 200 -1.7e+308 -1.7e+308 -1.7e+308
150 150 150 149 149 149 149 150 150 148 147 147 148 147 146 147 147 147 146 146 146 147 146 146 147 147 146 146 146 146 146 146 146 147 147 147 147 147 148 150 150 150 150 150 150 150 150 150 150 197 197 197 197 197 198 198 198 199 199 198 199 200 200 200 -1.7e+308 -1.7e+308
152 151 150 150 150 150 150 151 151 149 149 149 149 149 148 148 148 148 148 147 147 147 147 147 148 147 146 147 147 148 147 147 148 148 148 148 148 148 149 149 150 150 151 151 151 150 151 150 150 151 150 151 197 198 152 198 152 152 153 153 153 153 154 154 155 -1.7e+308
-1.7e+308 152 151 151 151 152 152 153 152 151 150 150 150 151 150 149 149 149 148 148 149 148 147 148 148 147 147 148 148 148 148 148 148 148 149 149 149 150 150 150 151 151 151 151 151 151 151 151 151 152 151 151 151 151 152 152 152 153 153 153 154 154 155 155 155 -1.7e+308
-1.7e+308 -1.7e+308 153 153 153 152 152 154 153 152 151 151 151 151 151 151 150 151 150 150 149 148 148 149 149 148 149 149 149 149 149 149 149 149 149 150 150 151 151 151 152 152 152 152 152 152 151 152 152 152 151 151 151 151 152 152 152 153 153 153 154 154 154 155 156 -1.7e+308
-1.7e+308 -1.7e+308 -1.7e+308 154 154 153 153 154 154 153 152 152 152 152 152 152 151 152 151 151 150 149 150 151 150 150 150 150 150 149 149 149 149 150 150 150 151 151 151 152 153 152 153 153 153 153 152 152 153 152 151 151 152 152 152 153 153 154 154 154 154 154 154 154 154 156
-1.7e+308 -1.7e+308 -1.7e+308 -1.7e+308 -1.7e+308 155 154 154 155 154 153 154 153 152 153 154 153 153 152 151 151 152 152 152 151 151 151 151 151 151 150 150 150 151 152 152 152 152 152 152 153 153 153 153 153 153 153 153 153 153 152 152 152 152 153 153 154 154 154 155 155 154 154 155 155 156
-1.7e+308 -1.7e+308 -1.7e+308 -1.7e+308 -1.7e+308 -1.7e+308 155 155 156 156 155 154 154 154 155 154 153 153 153 153 153 152 152 152 151 151 151 151 151 151 151 151 151 152 152 153 152 153 153 153 154 154 154 154 153 154 154 153 153 153 153 153 152 152 153 153 153 154 155 155 155 155 155 155 155 156
-1.7e+308 -1.7e+308 -1.7e+308 -1.7e+308 -1.7e+308 157 156 156 156 157 156 155 155 156 156 155 155 155 155 154 153 152 152 152 151 152 152 152 152 152 153 152 152 153 153 153 153 153 154 154 154 154 154 155 154 154 153 153 153 153 153 152 152 152 152 153 154 154 155 155 154 155 156 156 156 156
-1.7e+308 -1.7e+308 -1.7e+308 -1.7e+308 -1.7e+308 157 157 157 156 158 158 -1.7e+308 157 157 157 157 156 155 155 154 153 153 153 153 152 153 153 153 153 153 154 154 154 154 154 154 154 154 154 154 154 155 155 154 154 154 154 154 154 153 153 153 153 153 154 154 155 155 156 155 155 156 156 157 156 155
-1.7e+308 -1.7e+308 -1.7e+308 -1.7e+308 158 158 158 158 157 158 158 -1.7e+308 -1.7e+308 158 -1.7e+308 157 156 155 155 155 154 154 154 154 154 154 154 155 154 155 154 155 155 155 155 155 155 155 155 155 155 156 156 155 155 154 155 154 155 155 155 154 154 154 154 154 155 156 156 156 156 157 157 157 156 155
-1.7e+308 -1.7e+308 -1.7e+308 -1.7e+308 -1.7e+308 159 159 159 159 159 159 -1.7e+308 -1.7e+308 159 -1.7e+308 -1.7e+308 158 157 156 156 156 156 156 155 155 155 156 -1.7e+308 156 156 155 156 -1.7e+308 156 157 156 156 156 156 156 156 156 156 156 155 156 155 156 156 155 156 155 155 155 155 156 155 156 157 157 157 157 158 157 156 156
-1.7e+308 -1.7e+308 -1.7e+308 -1.7e+308 -1.7e+308 -1.7e+308 -1.7e+308 160 160 160 160 -1.7e+308 -1.7e+308 -1.7e+308 -1.7e+308 -1.7e+308 159 158 157 157 157 123 123 123 123 123 -1.7e+308 -1.7e+308 -1.7e+308 -1.7e+308 -1.7e+308 -1.7e+308 -1.7e+308 -1.7e+308 -1.7e+308 157 157 157 157 157 157 157 156 156 156 156 156 156 156 156 156 156 156 156 156 156 156 157 158 158 158 158 159 157 157 157
-1.7e+308 -1.7e+308 -1.7e+308 -1.7e+308 -1.7e+308 161 161 161 161 -1.7e+308 -1.7e+308 -1.7e+308 -1.7e+308 160 160 159 -1.7e+308 -1.7e+308 -1.7e+308 -1.7e+308 -1.7e+308 124 124 -1.7e+308 124 -1.7e+308 -1.7e+308 124 158 158 -1.7e+308 157 158 158 -1.7e+308 -1.7e+308 158 157 158 158 158 157 157 157 157 157 157 157 157 157 157 157 157 157 157 157 158 158 158 158 158 159 159 158 158 158
-1.7e+308 -1.7e+308 -1.7e+308 -1.7e+308 -1.7e+308 161 161 161 161 -1.7e+308 161 -1.7e+308 -1.7e+308 -1.7e+308 161 -1.7e+308 -1.7e+308 -1.7e+308 -1.7e+308 -1.7e+308 -1.7e+308 -1.7e+308 -1.7e+308 -1.7e+308 -1.7e+308 -1.7e+308 -1.7e+308 -1.7e+308 -1.7e+308 -1.7e+308 -1.7e+308 -1.7e+308 -1.7e+308 158 158 158 158 158 158 158 158 158 158 158 158 158 158 158 158 158 158 158 158 158 158 158 158 159 159 159 159 160 159 158 159 159
-1.7e+308 -1.7e+308 -1.7e+308 162 -1.7e+308 -1.7e+308 162 -1.7e+308 -1.7e+308 -1.7e+308 -1.7e+308 -1.7e+308 -1.7e+308 -1.7e+308 -1.7e+308 -1.7e+308 -1.7e+308 -1.7e+308 -1.7e+308 -1.7e+308 -1.7e+308 -1.7e+308 -1.7e+308 -1.7e+308 -1.7e+308 -1.7e+308 -1.7e+308 -1.7e+308 -1.7e+308 -1.7e+308 -1.7e+308 -1.7e+308 -1.7e+308 -1.7e+308 -1.7e+308 -1.7e+308 159 159 159 159 159 159 159 159 159 159 159 159 159 159 159 159 159 159 159 159 159 160 160 160 160 160 160 160 160 160
-1.7e+308 -1.7e+308 -1.7e+308 -1.7e+308 -1.7e+308 -1.7e+308 -1.7e+308 -1.7e+308 -1.7e+308 -1.7e+308 -1.7e+308 -1.7e+308 -1.7e+308 -1.7e+308 -1.7e+308 -1.7e+308 -1.7e+308 -1.7e+308 -1.7e+308 -1.7e+308 -1.7e+308 -1.7e+308 -1.7e+308 -1.7e+308 -1.7e+308 -1.7e+308 -1.7e+308 -1.7e+308 -1.7e+308 -1.7e+308 -1.7e+308 -1.7e+308 -1.7e+308 -1.7e+308 -1.7e+308 -1.7e+308 -1.7e+308 -1.7e+308 -1.7e+308 159 160 160 160 -1.7e+308 -1.7e+308 160 159 160 160 160 160 160 160 160 160 160 160 160 160 160 161 161 161 161 160 160
-1.7e+308 -1.7e+308 -1.7e+308 -1.7e+308 -1.7e+308 -1.7e+308 -1.7e+308 -1.7e+308 -1.7e+308 -1.7e+308 -1.7e+308 -1.7e+308 -1.7e+308 -1.7e+308 -1.7e+308 -1.7e+308 -1.7e+308 -1.7e+308 -1.7e+308 -1.7e+308 -1.7e+308 -1.7e+308 -1.7e+308 -1.7e+308 -1.7e+308 -1.7e+308 -1.7e+308 -1.7e+308 -1.7e+308 -1.7e+308 -1.7e+308 -1.7e+308 -1.7e+308 -1.7e+308 -1.7e+308 -1.7e+308 -1.7e+308 -1.7e+308 -1.7e+308 -1.7e+308 -1.7e+308 160 160 161 161 -1.7e+308 -1.7e+308 161 161 160 161 161 161 161 161 161 160 161 162 161 162 161 161 161 161 161
-1.7e+308 -1.7e+308 -1.7e+308 -1.7e+308 -1.7e+308 -1.7e+308 -1.7e+308 -1.7e+308 -1.7e+308 -1.7e+308 -1.7e+308 -1.7e+308 -1.7e+308 -1.7e+308 -1.7e+308 -1.7e+308 -1.7e+308 -1.7e+308 -1.7e+308 -1.7e+308 -1.7e+308 -1.7e+308 -1.7e+308 -1.7e+308 -1.7e+308 -1.7e+308 -1.7e+308 -1.7e+308 -1.7e+308 -1.7e+308 -1.7e+308 -1.7e+308 -1.7e+308 -1.7e+308 -1.7e+308 -1.7e+308 -1.7e+308 -1.7e+308 -1.7e+308 -1.7e+308 -1.7e+308 -1.7e+308 -1.7e+308 161 162 -1.7e+308 161 161 161 162 161 161 162 162 162 161 161 162 162 162 162 162 162 162 162 162
-1.7e+308 -1.7e+308 -1.7e+308 -1.7e+308 -1.7e+308 -1.7e+308 -1.7e+308 -1.7e+308 -1.7e+308 -1.7e+308 -1.7e+308 -1.7e+308 -1.7e+308 -1.7e+308 -1.7e+308 -1.7e+308 -1.7e+308 -1.7e+308 -1.7e+308 -1.7e+308 -1.7e+308 -1.7e+308 -1.7e+308 -1.7e+308 -1.7e+308 -1.7e+308 -1.7e+308 -1.7e+308 -1.7e+308 -1.7e+308 -1.7e+308 -1.7e+308 -1.7e+308 -1.7e+308 -1.7e+308 -1.7e+308 -1.7e+308 -1.7e+308 -1.7e+308 -1.7e+308 -1.7e+308 -1.7e+308 -1.7e+308 -1.7e+308 -1.7e+308 162 -1.7e+308 162 162 162 162 162 162 163 162 162 162 162 163 163 163 163 162 162 162 162
-1.7e+308 -1.7e+308 -1.7e+308 -1.7e+308 -1.7e+308 -1.7e+308 -1.7e+308 -1.7e+308 -1.7e+308 -1.7e+308 -1.7e+308 -1.7e+308 -1.7e+308 -1.7e+308 -1.7e+308 -1.7e+308 -1.7e+308 -1.7e+308 -1.7e+308 -1.7e+308 -1.7e+308 -1.7e+308 -1.7e+308 -1.7e+308 -1.7e+308 -1.7e+308 -1.7e+308 -1.7e+308 -1.7e+308 -1.7e+308 -1.7e+308 -1.7e+308 -1.7e+308 -1.7e+308 -1.7e+308 -1.7e+308 -1.7e+308 -1.7e+308 -1.7e+308 -1.7e+308 -1.7e+308 -1.7e+308 -1.7e+308 -1.7e+308 -1.7e+308 -1.7e+308 -1.7e+308 163 -1.7e+308 -1.7e+308 164 164 163 164 163 163 163 164 164 163 164 163 164 164 163 163
-1.7e+308 -1.7e+308 -1.7e+308 -1.7e+308 -1.7e+308 -1.7e+308 -1.7e+308 -1.7e+308 -1.7e+308 -1.7e+308 -1.7e+308 -1.7e+308 -1.7e+308 -1.7e+308 -1.7e+308 -1.7e+308 -1.7e+308 -1.7e+308 -1.7e+308 -1.7e+308 -1.7e+308 -1.7e+308 -1.7e+308 -1.7e+308 -1.7e+308 -1.7e+308 -1.7e+308 -1.7e+308 -1.7e+308 -1.7e+308 -1.7e+308 -1.7e+308 -1.7e+308 -1.7e+308 -1.7e+308 -1.7e+308 -1.7e+308 -1.7e+308 -1.7e+308 -1.7e+308 -1.7e+308 -1.7e+308 -1.7e+308 -1.7e+308 -1.7e+308 -1.7e+308 -1.7e+308 -1.7e+308 164 164 -1.7e+308 164 -1.7e+308 164 164 164 164 164 164 164 164 164 164 164 163 163
-1.7e+308 -1.7e+308 -1.7e+308 -1.7e+308 -1.7e+308 -1.7e+308 -1.7e+308 -1.7e+308 -1.7e+308 -1.7e+308 -1.7e+308 -1.7e+308 -1.7e+308 -1.7e+308 -1.7e+308 -1.7e+308 -1.7e+308 -1.7e+308 -1.7e+308 -1.7e+308 -1.7e+308 -1.7e+308 -1.7e+308 -1.7e+308 -1.7e+308 -1.7e+308 -1.7e+308 -1.7e+308 -1.7e+308 -1.7e+308 -1.7e+308 -1.7e+308 -1.7e+308 -1.7e+308 -1.7e+308 -1.7e+308 -1.7e+308 -1.7e+308 -1.7e+308 -1.7e+308 -1.7e+308 -1.7e+308 -1.7e+308 -1.7e+308 -1.7e+308 -1.7e+308 -1.7e+308 -1.7e+308 -1.7e+308 -1.7e+308 165 165 -1.7e+308 165 165 165 164 164 165 164 165 164 165 165 165 165
-1.7e+308 -1.7e+308 -1.7e+308 -1.7e+308 -1.7e+308 -1.7e+308 -1.7e+308 -1.7e+308 -1.7e+308 -1.7e+308 -1.7e+308 -1.7e+308 -1.7e+308 -1.7e+308 -1.7e+308 -1.7e+308 -1.7e+308 -1.7e+308 -1.7e+308 -1.7e+308 -1.7e+308 -1.7e+308 -1.7e+308 -1.7e+308 -1.7e+308 -1.7e+308 -1.7e+308 -1.7e+308 -1.7e+308 -1.7e+308 -1.7e+308 -1.7e+308 -1.7e+308 -1.7e+308 -1.7e+308 -1.7e+308 -1.7e+308 -1.7e+308 -1.7e+308 -1.7e+308 -1.7e+308 -1.7e+308 -1.7e+308 -1.7e+308 -1.7e+308 -1.7e+308 -1.7e+308 -1.7e+308 -1.7e+308 -1.7e+308 -1.7e+308 166 165 165 165 165 165 165 165 165 165 165 165 165 165 164
-1.7e+308 -1.7e+308 -1.7e+308 -1.7e+308 -1.7e+308 -1.7e+308 -1.7e+308 -1.7e+308 -1.7e+308 -1.7e+308 -1.7e+308 -1.7e+308 -1.7e+308 -1.7e+308 -1.7e+308 -1.7e+308 -1.7e+308 -1.7e+308 -1.7e+308 -1.7e+308 -1.7e+308 -1.7e+308 -1.7e+308 -1.7e+308 -1.7e+308 -1.7e+308 -1.7e+308 -1.7e+308 -1.7e+308 -1.7e+308 -1.7e+308 -1.7e+308 -1.7e+308 -1.7e+308 -1.7e+308 -1.7e+308 -1.7e+308 -1.7e+308 -1.7e+308 -1.7e+308 -1.7e+308 -1.7e+308 -1.7e+308 -1.7e+308 -1.7e+308 -1.7e+308 -1.7e+308 -1.7e+308 -1.7e+308 -1.7e+308 -1.7e+308 -1.7e+308 -1.7e+308 166 166 166 166 166 166 165 165 166 165 165 165 166
-1.7e+308 -1.7e+308 -1.7e+308 -1.7e+308 -1.7e+308 -1.7e+308 -1.7e+308 -1.7e+308 -1.7e+308 -1.7e+308 -1.7e+308 -1.7e+308 -1.7e+308 -1.7e+308 -1.7e+308 -1.7e+308 -1.7e+308 -1.7e+308 -1.7e+308 -1.7e+308 -1.7e+308 -1.7e+308 -1.7e+308 -1.7e+308 -1.7e+308 -1.7e+308 -1.7e+308 -1.7e+308 -1.7e+308 -1.7e+308 -1.7e+308 -1.7e+308 -1.7e+308 -1.7e+308 -1.7e+308 -1.7e+308 -1.7e+308 -1.7e+308 -1.7e+308 -1.7e+308 -1.7e+308 -1.7e+308 -1.7e+308 -1.7e+308 -1.7e+308 -1.7e+308 -1.7e+308 -1.7e+308 -1.7e+308 -1.7e+308 -1.7e+308 -1.7e+308 -1.7e+308 -1.7e+308 166 166 166 166 166 166 166 166 166 166 166 166
-1.7e+308 -1.7e+308 -1.7e+308 -1.7e+308 -1.7e+308 -1.7e+308 -1.7e+308 -1.7e+308 -1.7e+308 -1.7e+308 -1.7e+308 -1.7e+308 -1.7e+308 -1.7e+308 -1.7e+308 -1.7e+308 -1.7e+308 -1.7e+308 -1.7e+308 -1.7e+308 -1.7e+308 -1.7e+308 -1.7e+308 -1.7e+308 -1.7e+308 -1.7e+308 -1.7e+308 -1.7e+308 -1.7e+308 -1.7e+308 -1.7e+308 -1.7e+308 -1.7e+308 -1.7e+308 -1.7e+308 -1.7e+308 -1.7e+308 -1.7e+308 -1.7e+308 -1.7e+308 -1.7e+308 -1.7e+308 -1.7e+308 -1.7e+308 -1.7e+308 -1.7e+308 -1.7e+308 -1.7e+308 -1.7e+308 -1.7e+308 -1.7e+308 -1.7e+308 -1.7e+308 -1.7e+308 -1.7e+308 167 167 167 167 167 166 166 166 166 166 166
-1.7e+308 -1.7e+308 -1.7e+308 -1.7e+308 -1.7e+308 -1.7e+308 -1.7e+308 -1.7e+308 -1.7e+308 -1.7e+308 -1.7e+308 -1.7e+308 -1.7e+308 -1.7e+308 -1.7e+308 -1.7e+308 -1.7e+308 -1.7e+308 -1.7e+308 -1.7e+308 -1.7e+308 -1.7e+308 -1.7e+308 -1.7e+308 -1.7e+308 -1.7e+308 -1.7e+308 -1.7e+308 -1.7e+308 -1.7e+308 -1.7e+308 -1.7e+308 -1.7e+308 -1.7e+308 -1.7e+308 -1.7e+308 -1.7e+308 -1.7e+308 -1.7e+308 -1.7e+308 -1.7e+308 -1.7e+308 -1.7e+308 -1.7e+308 -1.7e+308 -1.7e+308 -1.7e+308 -1.7e+308 -1.7e+308 -1.7e+308 -1.7e+308 -1.7e+308 -1.7e+308 -1.7e+308 -1.7e+308 -1.7e+308 167 167 167 168 167 167 166 167 167 167
