MaxEnt_Example/FutureLayerstoUse/bio2.asc
NCOLS 182 
NROWS 155 
XLLCORNER -87.625 
YLLCORNER 24.5416666666667 
CELLSIZE 0.0416666666666666 
NODATA_value -1.7e+308 
[rows 0 to 28 of 155, columns 0 to 65 of 182]
-169999999999999993883079578865998174333346074304075874502773119193537729178160565864330091787584707988572262467983188919169916105593357174268369962062473635296474636515660464935663040684957844303524367815028553272712298986386310828644513212353921123253311675499856875650512437415429217994623324794855339589632.000000000000000 127 127 127 128 128 129 129 130 131 131 131 131 131 132 132 132 131 131 131 132 132 132 132 132 132 132 132 132 132 132 132 132 133 133 132 132 132 132 132 131 131 131 131 130 130 130 130 130 130 131 131 132 133 133 134 134 135 135 136 136 137 137 -1.7e+308 -1.7e+308 -1.7e+308
-1.7e+308 126 126 126 126 127 127 128 129 129 129 129 130 129 130 130 130 130 129 130 130 130 130 130 130 130 130 130 130 131 131 131 131 131 132 131 131 131 131 131 131 131 131 131 130 130 131 131 131 131 131 132 132 133 133 134 135 135 136 136 136 137 137 -1.7e+308 -1.7e+308 -1.7e+308
125 125 125 125 125 125 126 126 127 126 127 127 128 127 127 128 128 128 127 127 127 128 128 128 128 128 128 128 129 129 129 129 130 130 130 130 130 130 130 131 131 131 131 131 131 131 131 131 131 131 132 132 132 133 134 134 135 135 135 136 136 137 137 137 -1.7e+308 -1.7e+308
124 124 124 123 124 124 124 125 125 125 125 125 126 126 126 125 125 125 125 125 125 125 125 125 126 126 126 127 127 127 128 128 128 129 129 129 129 130 130 130 130 130 130 130 130 131 131 131 131 132 132 132 133 133 134 135 135 135 135 136 136 137 137 137 137 -1.7e+308
-1.7e+308 122 122 122 122 122 122 123 123 123 123 123 123 124 123 123 123 123 123 123 123 123 123 123 124 124 124 125 125 125 126 126 127 127 128 128 129 129 129 129 130 130 130 130 130 130 131 131 131 132 132 133 133 134 134 134 135 135 135 136 136 136 136 137 137 -1.7e+308
-1.7e+308 -1.7e+308 120 120 120 120 120 121 121 121 121 121 121 121 121 121 121 121 121 121 121 120 121 121 121 121 122 122 123 124 124 125 125 126 127 127 128 128 128 129 129 129 130 130 130 130 131 131 132 132 132 133 133 134 134 135 135 135 135 136 136 136 136 136 136 -1.7e+308
-1.7e+308 -1.7e+308 -1.7e+308 119 118 118 118 118 119 118 118 119 118 118 118 118 118 118 118 118 118 118 118 118 119 119 120 120 121 121 122 123 123 124 125 126 127 127 128 128 128 129 129 129 130 130 131 131 131 132 132 133 133 134 135 135 136 136 136 136 136 136 136 136 135 136
-1.7e+308 -1.7e+308 -1.7e+308 -1.7e+308 -1.7e+308 116 116 116 116 116 116 116 116 116 116 116 116 116 115 115 116 116 116 116 116 117 117 118 119 119 120 121 122 123 124 125 126 126 126 127 127 128 128 129 129 130 131 131 132 132 133 133 134 135 135 136 136 136 136 136 136 136 136 136 135 135
-1.7e+308 -1.7e+308 -1.7e+308 -1.7e+308 -1.7e+308 -1.7e+308 113 113 114 114 113 113 113 113 114 113 113 113 113 113 113 113 113 113 114 114 115 116 116 117 118 119 120 121 122 123 124 124 125 126 126 127 127 128 129 129 130 131 131 132 133 133 133 134 135 136 136 136 136 136 135 135 135 135 135 135
-1.7e+308 -1.7e+308 -1.7e+308 -1.7e+308 -1.7e+308 111 111 111 111 111 111 111 111 111 111 111 111 111 111 111 110 110 111 111 111 112 113 114 114 115 117 118 118 119 120 121 122 123 124 125 125 126 127 127 128 129 130 130 131 132 133 133 134 135 135 135 136 136 136 136 135 135 135 135 135 134
-1.7e+308 -1.7e+308 -1.7e+308 -1.7e+308 -1.7e+308 109 108 108 108 109 109 -1.7e+308 109 109 109 109 109 109 108 108 108 108 108 108 109 109 110 111 112 113 114 115 117 118 119 120 121 121 122 123 124 124 125 126 127 128 129 130 131 132 133 134 135 135 135 135 135 136 136 135 135 135 135 134 134 133
-1.7e+308 -1.7e+308 -1.7e+308 -1.7e+308 107 106 106 106 106 106 106 -1.7e+308 -1.7e+308 107 -1.7e+308 107 106 106 106 106 106 106 106 106 106 107 108 109 110 111 113 114 115 116 117 118 119 120 121 121 122 123 124 125 126 127 128 129 131 132 133 134 135 136 136 135 135 136 135 135 135 135 135 134 133 133
-1.7e+308 -1.7e+308 -1.7e+308 -1.7e+308 -1.7e+308 104 103 103 103 103 103 -1.7e+308 -1.7e+308 104 -1.7e+308 -1.7e+308 104 104 104 103 103 103 103 104 104 105 106 -1.7e+308 109 110 111 112 -1.7e+308 115 116 116 117 118 119 120 121 122 123 124 125 126 127 128 130 131 133 134 135 136 136 136 135 135 135 134 134 134 134 133 132 132
-1.7e+308 -1.7e+308 -1.7e+308 -1.7e+308 -1.7e+308 -1.7e+308 -1.7e+308 101 101 101 101 -1.7e+308 -1.7e+308 -1.7e+308 -1.7e+308 -1.7e+308 102 102 102 102 102 101 101 102 102 104 -1.7e+308 -1.7e+308 -1.7e+308 -1.7e+308 -1.7e+308 -1.7e+308 -1.7e+308 -1.7e+308 -1.7e+308 115 116 117 118 119 120 121 122 123 123 125 126 127 129 130 132 134 136 136 136 135 135 135 134 134 133 133 133 132 132 132
-1.7e+308 -1.7e+308 -1.7e+308 -1.7e+308 -1.7e+308 99 98 98 99 -1.7e+308 -1.7e+308 -1.7e+308 -1.7e+308 99 100 100 -1.7e+308 -1.7e+308 -1.7e+308 -1.7e+308 -1.7e+308 100 100 -1.7e+308 101 -1.7e+308 -1.7e+308 104 105 106 -1.7e+308 108 109 111 -1.7e+308 -1.7e+308 114 115 116 117 118 119 120 121 122 123 125 126 127 129 130 132 134 134 134 134 134 134 133 133 133 133 133 132 131 131
-1.7e+308 -1.7e+308 -1.7e+308 -1.7e+308 -1.7e+308 97 97 96 97 -1.7e+308 98 -1.7e+308 -1.7e+308 -1.7e+308 98 -1.7e+308 -1.7e+308 -1.7e+308 -1.7e+308 -1.7e+308 -1.7e+308 -1.7e+308 -1.7e+308 -1.7e+308 -1.7e+308 -1.7e+308 -1.7e+308 -1.7e+308 -1.7e+308 -1.7e+308 -1.7e+308 -1.7e+308 -1.7e+308 109 110 111 112 113 114 115 116 117 118 120 121 122 123 124 126 127 128 130 131 132 133 133 133 133 132 132 132 132 132 131 131 130
-1.7e+308 -1.7e+308 -1.7e+308 96 -1.7e+308 -1.7e+308 95 -1.7e+308 -1.7e+308 -1.7e+308 -1.7e+308 -1.7e+308 -1.7e+308 -1.7e+308 -1.7e+308 -1.7e+308 -1.7e+308 -1.7e+308 -1.7e+308 -1.7e+308 -1.7e+308 -1.7e+308 -1.7e+308 -1.7e+308 -1.7e+308 -1.7e+308 -1.7e+308 -1.7e+308 -1.7e+308 -1.7e+308 -1.7e+308 -1.7e+308 -1.7e+308 -1.7e+308 -1.7e+308 -1.7e+308 111 111 112 113 114 115 116 118 119 120 121 122 123 125 126 128 129 130 130 131 131 131 131 131 131 130 130 130 130 130
-1.7e+308 -1.7e+308 -1.7e+308 -1.7e+308 -1.7e+308 -1.7e+308 -1.7e+308 -1.7e+308 -1.7e+308 -1.7e+308 -1.7e+308 -1.7e+308 -1.7e+308 -1.7e+308 -1.7e+308 -1.7e+308 -1.7e+308 -1.7e+308 -1.7e+308 -1.7e+308 -1.7e+308 -1.7e+308 -1.7e+308 -1.7e+308 -1.7e+308 -1.7e+308 -1.7e+308 -1.7e+308 -1.7e+308 -1.7e+308 -1.7e+308 -1.7e+308 -1.7e+308 -1.7e+308 -1.7e+308 -1.7e+308 -1.7e+308 -1.7e+308 -1.7e+308 112 113 114 115 -1.7e+308 -1.7e+308 118 120 120 121 122 123 125 126 127 128 129 129 130 130 130 130 130 129 129 129 129
-1.7e+308 -1.7e+308 -1.7e+308 -1.7e+308 -1.7e+308 -1.7e+308 -1.7e+308 -1.7e+308 -1.7e+308 -1.7e+308 -1.7e+308 -1.7e+308 -1.7e+308 -1.7e+308 -1.7e+308 -1.7e+308 -1.7e+308 -1.7e+308 -1.7e+308 -1.7e+308 -1.7e+308 -1.7e+308 -1.7e+308 -1.7e+308 -1.7e+308 -1.7e+308 -1.7e+308 -1.7e+308 -1.7e+308 -1.7e+308 -1.7e+308 -1.7e+308 -1.7e+308 -1.7e+308 -1.7e+308 -1.7e+308 -1.7e+308 -1.7e+308 -1.7e+308 -1.7e+308 -1.7e+308 112 113 114 115 -1.7e+308 -1.7e+308 118 118 119 120 122 123 125 126 127 128 128 129 129 128 128 128 128 127 128
-1.7e+308 -1.7e+308 -1.7e+308 -1.7e+308 -1.7e+308 -1.7e+308 -1.7e+308 -1.7e+308 -1.7e+308 -1.7e+308 -1.7e+308 -1.7e+308 -1.7e+308 -1.7e+308 -1.7e+308 -1.7e+308 -1.7e+308 -1.7e+308 -1.7e+308 -1.7e+308 -1.7e+308 -1.7e+308 -1.7e+308 -1.7e+308 -1.7e+308 -1.7e+308 -1.7e+308 -1.7e+308 -1.7e+308 -1.7e+308 -1.7e+308 -1.7e+308 -1.7e+308 -1.7e+308 -1.7e+308 -1.7e+308 -1.7e+308 -1.7e+308 -1.7e+308 -1.7e+308 -1.7e+308 -1.7e+308 -1.7e+308 112 113 -1.7e+308 114 114 115 116 117 119 120 122 123 125 126 127 127 127 127 127 127 127 127 127
-1.7e+308 -1.7e+308 -1.7e+308 -1.7e+308 -1.7e+308 -1.7e+308 -1.7e+308 -1.7e+308 -1.7e+308 -1.7e+308 -1.7e+308 -1.7e+308 -1.7e+308 -1.7e+308 -1.7e+308 -1.7e+308 -1.7e+308 -1.7e+308 -1.7e+308 -1.7e+308 -1.7e+308 -1.7e+308 -1.7e+308 -1.7e+308 -1.7e+308 -1.7e+308 -1.7e+308 -1.7e+308 -1.7e+308 -1.7e+308 -1.7e+308 -1.7e+308 -1.7e+308 -1.7e+308 -1.7e+308 -1.7e+308 -1.7e+308 -1.7e+308 -1.7e+308 -1.7e+308 -1.7e+308 -1.7e+308 -1.7e+308 -1.7e+308 -1.7e+308 111 -1.7e+308 112 111 112 114 115 117 119 121 122 124 125 126 126 126 126 125 125 125 125
-1.7e+308 -1.7e+308 -1.7e+308 -1.7e+308 -1.7e+308 -1.7e+308 -1.7e+308 -1.7e+308 -1.7e+308 -1.7e+308 -1.7e+308 -1.7e+308 -1.7e+308 -1.7e+308 -1.7e+308 -1.7e+308 -1.7e+308 -1.7e+308 -1.7e+308 -1.7e+308 -1.7e+308 -1.7e+308 -1.7e+308 -1.7e+308 -1.7e+308 -1.7e+308 -1.7e+308 -1.7e+308 -1.7e+308 -1.7e+308 -1.7e+308 -1.7e+308 -1.7e+308 -1.7e+308 -1.7e+308 -1.7e+308 -1.7e+308 -1.7e+308 -1.7e+308 -1.7e+308 -1.7e+308 -1.7e+308 -1.7e+308 -1.7e+308 -1.7e+308 -1.7e+308 -1.7e+308 108 -1.7e+308 -1.7e+308 111 113 115 117 118 120 122 123 124 124 124 124 124 124 124 124
-1.7e+308 -1.7e+308 -1.7e+308 -1.7e+308 -1.7e+308 -1.7e+308 -1.7e+308 -1.7e+308 -1.7e+308 -1.7e+308 -1.7e+308 -1.7e+308 -1.7e+308 -1.7e+308 -1.7e+308 -1.7e+308 -1.7e+308 -1.7e+308 -1.7e+308 -1.7e+308 -1.7e+308 -1.7e+308 -1.7e+308 -1.7e+308 -1.7e+308 -1.7e+308 -1.7e+308 -1.7e+308 -1.7e+308 -1.7e+308 -1.7e+308 -1.7e+308 -1.7e+308 -1.7e+308 -1.7e+308 -1.7e+308 -1.7e+308 -1.7e+308 -1.7e+308 -1.7e+308 -1.7e+308 -1.7e+308 -1.7e+308 -1.7e+308 -1.7e+308 -1.7e+308 -1.7e+308 -1.7e+308 104 105 -1.7e+308 110 -1.7e+308 114 116 118 119 121 121 122 122 122 122 122 122 122
-1.7e+308 -1.7e+308 -1.7e+308 -1.7e+308 -1.7e+308 -1.7e+308 -1.7e+308 -1.7e+308 -1.7e+308 -1.7e+308 -1.7e+308 -1.7e+308 -1.7e+308 -1.7e+308 -1.7e+308 -1.7e+308 -1.7e+308 -1.7e+308 -1.7e+308 -1.7e+308 -1.7e+308 -1.7e+308 -1.7e+308 -1.7e+308 -1.7e+308 -1.7e+308 -1.7e+308 -1.7e+308 -1.7e+308 -1.7e+308 -1.7e+308 -1.7e+308 -1.7e+308 -1.7e+308 -1.7e+308 -1.7e+308 -1.7e+308 -1.7e+308 -1.7e+308 -1.7e+308 -1.7e+308 -1.7e+308 -1.7e+308 -1.7e+308 -1.7e+308 -1.7e+308 -1.7e+308 -1.7e+308 -1.7e+308 -1.7e+308 106 108 -1.7e+308 112 114 115 117 118 119 120 120 120 120 120 121 121
-1.7e+308 -1.7e+308 -1.7e+308 -1.7e+308 -1.7e+308 -1.7e+308 -1.7e+308 -1.7e+308 -1.7e+308 -1.7e+308 -1.7e+308 -1.7e+308 -1.7e+308 -1.7e+308 -1.7e+308 -1.7e+308 -1.7e+308 -1.7e+308 -1.7e+308 -1.7e+308 -1.7e+308 -1.7e+308 -1.7e+308 -1.7e+308 -1.7e+308 -1.7e+308 -1.7e+308 -1.7e+308 -1.7e+308 -1.7e+308 -1.7e+308 -1.7e+308 -1.7e+308 -1.7e+308 -1.7e+308 -1.7e+308 -1.7e+308 -1.7e+308 -1.7e+308 -1.7e+308 -1.7e+308 -1.7e+308 -1.7e+308 -1.7e+308 -1.7e+308 -1.7e+308 -1.7e+308 -1.7e+308 -1.7e+308 -1.7e+308 -1.7e+308 106 108 110 111 113 114 116 116 117 118 118 118 119 119 119
-1.7e+308 -1.7e+308 -1.7e+308 -1.7e+308 -1.7e+308 -1.7e+308 -1.7e+308 -1.7e+308 -1.7e+308 -1.7e+308 -1.7e+308 -1.7e+308 -1.7e+308 -1.7e+308 -1.7e+308 -1.7e+308 -1.7e+308 -1.7e+308 -1.7e+308 -1.7e+308 -1.7e+308 -1.7e+308 -1.7e+308 -1.7e+308 -1.7e+308 -1.7e+308 -1.7e+308 -1.7e+308 -1.7e+308 -1.7e+308 -1.7e+308 -1.7e+308 -1.7e+308 -1.7e+308 -1.7e+308 -1.7e+308 -1.7e+308 -1.7e+308 -1.7e+308 -1.7e+308 -1.7e+308 -1.7e+308 -1.7e+308 -1.7e+308 -1.7e+308 -1.7e+308 -1.7e+308 -1.7e+308 -1.7e+308 -1.7e+308 -1.7e+308 -1.7e+308 -1.7e+308 108 110 111 112 113 114 115 115 116 116 117 117 118
-1.7e+308 -1.7e+308 -1.7e+308 -1.7e+308 -1.7e+308 -1.7e+308 -1.7e+308 -1.7e+308 -1.7e+308 -1.7e+308 -1.7e+308 -1.7e+308 -1.7e+308 -1.7e+308 -1.7e+308 -1.7e+308 -1.7e+308 -1.7e+308 -1.7e+308 -1.7e+308 -1.7e+308 -1.7e+308 -1.7e+308 -1.7e+308 -1.7e+308 -1.7e+308 -1.7e+308 -1.7e+308 -1.7e+308 -1.7e+308 -1.7e+308 -1.7e+308 -1.7e+308 -1.7e+308 -1.7e+308 -1.7e+308 -1.7e+308 -1.7e+308 -1.7e+308 -1.7e+308 -1.7e+308 -1.7e+308 -1.7e+308 -1.7e+308 -1.7e+308 -1.7e+308 -1.7e+308 -1.7e+308 -1.7e+308 -1.7e+308 -1.7e+308 -1.7e+308 -1.7e+308 -1.7e+308 108 109 110 111 112 112 113 113 114 114 115 116
-1.7e+308 -1.7e+308 -1.7e+308 -1.7e+308 -1.7e+308 -1.7e+308 -1.7e+308 -1.7e+308 -1.7e+308 -1.7e+308 -1.7e+308 -1.7e+308 -1.7e+308 -1.7e+308 -1.7e+308 -1.7e+308 -1.7e+308 -1.7e+308 -1.7e+308 -1.7e+308 -1.7e+308 -1.7e+308 -1.7e+308 -1.7e+308 -1.7e+308 -1.7e+308 -1.7e+308 -1.7e+308 -1.7e+308 -1.7e+308 -1.7e+308 -1.7e+308 -1.7e+308 -1.7e+308 -1.7e+308 -1.7e+308 -1.7e+308 -1.7e+308 -1.7e+308 -1.7e+308 -1.7e+308 -1.7e+308 -1.7e+308 -1.7e+308 -1.7e+308 -1.7e+308 -1.7e+308 -1.7e+308 -1.7e+308 -1.7e+308 -1.7e+308 -1.7e+308 -1.7e+308 -1.7e+308 -1.7e+308 107 108 109 110 111 111 111 112 113 113 114
-1.7e+308 -1.7e+308 -1.7e+308 -1.7e+308 -1.7e+308 -1.7e+308 -1.7e+308 -1.7e+308 -1.7e+308 -1.7e+308 -1.7e+308 -1.7e+308 -1.7e+308 -1.7e+308 -1.7e+308 -1.7e+308 -1.7e+308 -1.7e+308 -1.7e+308 -1.7e+308 -1.7e+308 -1.7e+308 -1.7e+308 -1.7e+308 -1.7e+308 -1.7e+308 -1.7e+308 -1.7e+308 -1.7e+308 -1.7e+308 -1.7e+308 -1.7e+308 -1.7e+308 -1.7e+308 -1.7e+308 -1.7e+308 -1.7e+308 -1.7e+308 -1.7e+308 -1.7e+308 -1.7e+308 -1.7e+308 -1.7e+308 -1.7e+308 -1.7e+308 -1.7e+308 -1.7e+308 -1.7e+308 -1.7e+308 -1.7e+308 -1.7e+308 -1.7e+308 -1.7e+308 -1.7e+308 -1.7e+308 -1.7e+308 106 107 108 109 109 110 110 111 112 113
