MaxEnt_Example/FutureLayerstoUse/bio9.asc
NCOLS 182 
NROWS 155 
XLLCORNER -87.625 
YLLCORNER 24.5416666666667 
CELLSIZE 0.0416666666666666 
NODATA_value -1.7e+308 
[rows 0 to 28 of 155, columns 0 to 65 of 182]
-169999999999999993883079578865998174333346074304075874502773119193537729178160565864330091787584707988572262467983188919169916105593357174268369962062473635296474636515660464935663040684957844303524367815028553272712298986386310828644513212353921123253311675499856875650512437415429217994623324794855339589632.000000000000000 181 181 181 180 181 181 180 181 181 180 179 178 177 178 178 178 177 177 178 178 178 178 177 178 178 178 177 177 177 178 178 178 179 180 180 180 181 181 182 182 182 182 183 182 182 182 182 182 183 183 183 184 184 184 185 185 185 185 185 186 186 187 -1.7e+308 -1.7e+308 -1.7e+308
-1.7e+308 182 182 182 182 181 181 182 183 182 180 179 179 179 179 179 179 179 179 179 179 179 179 179 179 179 178 178 178 179 179 179 179 179 180 180 181 181 181 182 182 183 183 183 183 183 183 183 183 183 184 184 184 184 185 185 185 186 186 186 186 187 187 -1.7e+308 -1.7e+308 -1.7e+308
184 183 183 182 182 182 182 183 183 181 180 180 181 180 179 180 180 180 179 179 179 180 179 179 180 180 179 179 179 180 180 179 180 180 180 181 180 181 181 183 183 183 183 184 184 184 184 183 184 184 184 184 184 184 185 185 186 186 186 186 187 187 187 188 -1.7e+308 -1.7e+308
185 185 184 183 183 184 183 185 184 182 182 182 182 182 182 181 181 181 181 180 180 181 180 180 181 180 180 180 181 181 181 181 181 181 181 181 181 181 182 182 183 184 184 184 184 184 184 184 184 184 184 184 184 185 185 186 186 186 186 187 187 187 188 188 188 -1.7e+308
-1.7e+308 185 184 184 184 184 184 185 185 183 183 182 183 183 183 182 182 183 181 182 182 181 180 181 182 180 181 181 181 181 181 181 181 182 182 182 182 183 183 183 184 185 185 185 184 184 184 184 185 185 185 185 185 185 185 186 186 186 186 187 187 188 188 189 189 -1.7e+308
-1.7e+308 -1.7e+308 186 185 185 185 185 186 186 184 184 184 184 184 184 184 183 183 183 183 183 182 181 182 182 181 182 182 182 182 182 182 182 182 182 183 183 184 184 184 185 185 185 185 185 185 185 185 185 185 185 185 185 185 185 186 186 187 187 187 187 188 188 189 189 -1.7e+308
-1.7e+308 -1.7e+308 -1.7e+308 187 186 186 185 187 187 185 185 185 185 185 185 185 184 185 184 184 183 182 182 183 183 182 183 182 182 182 182 182 182 183 183 183 184 184 184 185 185 186 186 186 185 185 185 186 186 185 185 185 185 186 186 186 187 187 188 187 188 188 188 188 188 190
-1.7e+308 -1.7e+308 -1.7e+308 -1.7e+308 -1.7e+308 187 186 187 188 187 186 186 186 185 186 187 186 185 184 184 184 184 184 184 184 184 184 184 184 183 183 183 183 184 185 185 185 185 185 185 186 186 186 186 186 186 186 187 186 186 185 185 186 186 186 187 188 188 188 188 189 188 188 189 189 190
-1.7e+308 -1.7e+308 -1.7e+308 -1.7e+308 -1.7e+308 -1.7e+308 188 187 189 188 187 187 187 186 188 187 185 185 185 186 186 185 185 184 183 183 183 183 183 183 184 184 184 184 185 185 185 185 186 186 186 187 187 187 187 187 187 187 186 186 186 186 185 185 186 187 187 187 188 189 188 188 189 189 189 190
-1.7e+308 -1.7e+308 -1.7e+308 -1.7e+308 -1.7e+308 189 188 188 189 189 189 188 188 188 188 188 187 187 187 186 185 185 149 149 148 149 149 184 184 185 185 185 185 186 186 186 185 186 186 187 187 187 187 188 187 187 187 186 186 186 186 186 185 186 186 186 187 187 189 189 188 189 190 190 190 189
-1.7e+308 -1.7e+308 -1.7e+308 -1.7e+308 -1.7e+308 189 189 189 189 190 190 -1.7e+308 189 189 189 189 189 188 187 151 150 150 150 150 150 150 151 150 150 186 186 186 186 186 187 186 187 186 186 187 187 188 187 187 186 186 187 187 187 186 186 186 186 186 187 187 188 188 189 188 188 189 190 190 189 188
-1.7e+308 -1.7e+308 -1.7e+308 -1.7e+308 191 155 155 155 189 190 190 -1.7e+308 -1.7e+308 190 -1.7e+308 190 188 188 152 152 151 151 151 151 151 151 152 152 152 152 152 187 187 188 188 188 188 188 187 187 188 188 188 188 188 187 188 187 188 188 188 187 187 187 187 188 188 189 189 189 189 190 191 190 189 189
-1.7e+308 -1.7e+308 -1.7e+308 -1.7e+308 -1.7e+308 157 157 156 156 190 190 -1.7e+308 -1.7e+308 191 -1.7e+308 -1.7e+308 154 153 152 152 152 152 152 152 152 152 152 -1.7e+308 153 153 153 188 -1.7e+308 188 189 189 189 189 189 189 189 189 188 188 188 188 188 188 188 188 188 188 188 188 188 188 189 189 190 190 190 191 191 190 190 190
-1.7e+308 -1.7e+308 -1.7e+308 -1.7e+308 -1.7e+308 -1.7e+308 -1.7e+308 157 157 157 191 -1.7e+308 -1.7e+308 -1.7e+308 -1.7e+308 -1.7e+308 155 155 154 154 154 153 153 153 153 153 -1.7e+308 -1.7e+308 -1.7e+308 -1.7e+308 -1.7e+308 -1.7e+308 -1.7e+308 -1.7e+308 -1.7e+308 189 190 189 189 189 190 189 189 189 188 188 189 189 188 189 189 189 189 189 189 189 190 190 191 191 191 191 192 191 191 191
-1.7e+308 -1.7e+308 -1.7e+308 -1.7e+308 -1.7e+308 158 158 158 158 -1.7e+308 -1.7e+308 -1.7e+308 -1.7e+308 157 156 156 -1.7e+308 -1.7e+308 -1.7e+308 -1.7e+308 -1.7e+308 154 153 -1.7e+308 153 -1.7e+308 -1.7e+308 154 154 154 -1.7e+308 154 154 154 -1.7e+308 -1.7e+308 190 190 190 189 189 190 189 189 189 189 190 189 189 190 189 189 189 190 190 190 190 191 191 191 191 192 192 191 191 191
-1.7e+308 -1.7e+308 -1.7e+308 -1.7e+308 -1.7e+308 158 158 158 158 -1.7e+308 158 -1.7e+308 -1.7e+308 -1.7e+308 157 -1.7e+308 -1.7e+308 -1.7e+308 -1.7e+308 -1.7e+308 -1.7e+308 -1.7e+308 -1.7e+308 -1.7e+308 -1.7e+308 -1.7e+308 -1.7e+308 -1.7e+308 -1.7e+308 -1.7e+308 -1.7e+308 -1.7e+308 -1.7e+308 155 155 190 190 190 190 190 190 190 190 190 190 191 190 190 191 191 190 190 191 191 191 191 191 191 192 192 192 193 193 192 192 192
-1.7e+308 -1.7e+308 -1.7e+308 194 -1.7e+308 -1.7e+308 193 -1.7e+308 -1.7e+308 -1.7e+308 -1.7e+308 -1.7e+308 -1.7e+308 -1.7e+308 -1.7e+308 -1.7e+308 -1.7e+308 -1.7e+308 -1.7e+308 -1.7e+308 -1.7e+308 -1.7e+308 -1.7e+308 -1.7e+308 -1.7e+308 -1.7e+308 -1.7e+308 -1.7e+308 -1.7e+308 -1.7e+308 -1.7e+308 -1.7e+308 -1.7e+308 -1.7e+308 -1.7e+308 -1.7e+308 191 191 190 190 191 191 191 191 191 191 190 191 191 191 191 191 191 191 191 192 192 192 192 192 192 193 193 192 192 192
-1.7e+308 -1.7e+308 -1.7e+308 -1.7e+308 -1.7e+308 -1.7e+308 -1.7e+308 -1.7e+308 -1.7e+308 -1.7e+308 -1.7e+308 -1.7e+308 -1.7e+308 -1.7e+308 -1.7e+308 -1.7e+308 -1.7e+308 -1.7e+308 -1.7e+308 -1.7e+308 -1.7e+308 -1.7e+308 -1.7e+308 -1.7e+308 -1.7e+308 -1.7e+308 -1.7e+308 -1.7e+308 -1.7e+308 -1.7e+308 -1.7e+308 -1.7e+308 -1.7e+308 -1.7e+308 -1.7e+308 -1.7e+308 -1.7e+308 -1.7e+308 -1.7e+308 191 191 191 192 -1.7e+308 -1.7e+308 191 191 192 192 192 192 192 192 192 192 192 192 193 193 193 193 193 193 193 193 193
-1.7e+308 -1.7e+308 -1.7e+308 -1.7e+308 -1.7e+308 -1.7e+308 -1.7e+308 -1.7e+308 -1.7e+308 -1.7e+308 -1.7e+308 -1.7e+308 -1.7e+308 -1.7e+308 -1.7e+308 -1.7e+308 -1.7e+308 -1.7e+308 -1.7e+308 -1.7e+308 -1.7e+308 -1.7e+308 -1.7e+308 -1.7e+308 -1.7e+308 -1.7e+308 -1.7e+308 -1.7e+308 -1.7e+308 -1.7e+308 -1.7e+308 -1.7e+308 -1.7e+308 -1.7e+308 -1.7e+308 -1.7e+308 -1.7e+308 -1.7e+308 -1.7e+308 -1.7e+308 -1.7e+308 192 192 192 192 -1.7e+308 -1.7e+308 192 192 192 192 192 192 192 192 193 193 193 193 193 193 193 193 193 193 193
-1.7e+308 -1.7e+308 -1.7e+308 -1.7e+308 -1.7e+308 -1.7e+308 -1.7e+308 -1.7e+308 -1.7e+308 -1.7e+308 -1.7e+308 -1.7e+308 -1.7e+308 -1.7e+308 -1.7e+308 -1.7e+308 -1.7e+308 -1.7e+308 -1.7e+308 -1.7e+308 -1.7e+308 -1.7e+308 -1.7e+308 -1.7e+308 -1.7e+308 -1.7e+308 -1.7e+308 -1.7e+308 -1.7e+308 -1.7e+308 -1.7e+308 -1.7e+308 -1.7e+308 -1.7e+308 -1.7e+308 -1.7e+308 -1.7e+308 -1.7e+308 -1.7e+308 -1.7e+308 -1.7e+308 -1.7e+308 -1.7e+308 193 224 -1.7e+308 224 224 193 193 193 193 193 193 193 193 193 194 194 194 194 194 194 194 194 194
-1.7e+308 -1.7e+308 -1.7e+308 -1.7e+308 -1.7e+308 -1.7e+308 -1.7e+308 -1.7e+308 -1.7e+308 -1.7e+308 -1.7e+308 -1.7e+308 -1.7e+308 -1.7e+308 -1.7e+308 -1.7e+308 -1.7e+308 -1.7e+308 -1.7e+308 -1.7e+308 -1.7e+308 -1.7e+308 -1.7e+308 -1.7e+308 -1.7e+308 -1.7e+308 -1.7e+308 -1.7e+308 -1.7e+308 -1.7e+308 -1.7e+308 -1.7e+308 -1.7e+308 -1.7e+308 -1.7e+308 -1.7e+308 -1.7e+308 -1.7e+308 -1.7e+308 -1.7e+308 -1.7e+308 -1.7e+308 -1.7e+308 -1.7e+308 -1.7e+308 225 -1.7e+308 225 225 225 225 225 194 194 194 194 194 194 195 194 194 194 194 194 194 194
-1.7e+308 -1.7e+308 -1.7e+308 -1.7e+308 -1.7e+308 -1.7e+308 -1.7e+308 -1.7e+308 -1.7e+308 -1.7e+308 -1.7e+308 -1.7e+308 -1.7e+308 -1.7e+308 -1.7e+308 -1.7e+308 -1.7e+308 -1.7e+308 -1.7e+308 -1.7e+308 -1.7e+308 -1.7e+308 -1.7e+308 -1.7e+308 -1.7e+308 -1.7e+308 -1.7e+308 -1.7e+308 -1.7e+308 -1.7e+308 -1.7e+308 -1.7e+308 -1.7e+308 -1.7e+308 -1.7e+308 -1.7e+308 -1.7e+308 -1.7e+308 -1.7e+308 -1.7e+308 -1.7e+308 -1.7e+308 -1.7e+308 -1.7e+308 -1.7e+308 -1.7e+308 -1.7e+308 225 -1.7e+308 -1.7e+308 226 226 226 226 226 226 195 195 195 195 195 195 195 195 195 195
-1.7e+308 -1.7e+308 -1.7e+308 -1.7e+308 -1.7e+308 -1.7e+308 -1.7e+308 -1.7e+308 -1.7e+308 -1.7e+308 -1.7e+308 -1.7e+308 -1.7e+308 -1.7e+308 -1.7e+308 -1.7e+308 -1.7e+308 -1.7e+308 -1.7e+308 -1.7e+308 -1.7e+308 -1.7e+308 -1.7e+308 -1.7e+308 -1.7e+308 -1.7e+308 -1.7e+308 -1.7e+308 -1.7e+308 -1.7e+308 -1.7e+308 -1.7e+308 -1.7e+308 -1.7e+308 -1.7e+308 -1.7e+308 -1.7e+308 -1.7e+308 -1.7e+308 -1.7e+308 -1.7e+308 -1.7e+308 -1.7e+308 -1.7e+308 -1.7e+308 -1.7e+308 -1.7e+308 -1.7e+308 226 226 -1.7e+308 226 -1.7e+308 227 226 227 227 227 226 195 195 195 195 195 195 195
-1.7e+308 -1.7e+308 -1.7e+308 -1.7e+308 -1.7e+308 -1.7e+308 -1.7e+308 -1.7e+308 -1.7e+308 -1.7e+308 -1.7e+308 -1.7e+308 -1.7e+308 -1.7e+308 -1.7e+308 -1.7e+308 -1.7e+308 -1.7e+308 -1.7e+308 -1.7e+308 -1.7e+308 -1.7e+308 -1.7e+308 -1.7e+308 -1.7e+308 -1.7e+308 -1.7e+308 -1.7e+308 -1.7e+308 -1.7e+308 -1.7e+308 -1.7e+308 -1.7e+308 -1.7e+308 -1.7e+308 -1.7e+308 -1.7e+308 -1.7e+308 -1.7e+308 -1.7e+308 -1.7e+308 -1.7e+308 -1.7e+308 -1.7e+308 -1.7e+308 -1.7e+308 -1.7e+308 -1.7e+308 -1.7e+308 -1.7e+308 226 227 -1.7e+308 227 227 227 227 227 227 227 195 196 196 196 196 196
-1.7e+308 -1.7e+308 -1.7e+308 -1.7e+308 -1.7e+308 -1.7e+308 -1.7e+308 -1.7e+308 -1.7e+308 -1.7e+308 -1.7e+308 -1.7e+308 -1.7e+308 -1.7e+308 -1.7e+308 -1.7e+308 -1.7e+308 -1.7e+308 -1.7e+308 -1.7e+308 -1.7e+308 -1.7e+308 -1.7e+308 -1.7e+308 -1.7e+308 -1.7e+308 -1.7e+308 -1.7e+308 -1.7e+308 -1.7e+308 -1.7e+308 -1.7e+308 -1.7e+308 -1.7e+308 -1.7e+308 -1.7e+308 -1.7e+308 -1.7e+308 -1.7e+308 -1.7e+308 -1.7e+308 -1.7e+308 -1.7e+308 -1.7e+308 -1.7e+308 -1.7e+308 -1.7e+308 -1.7e+308 -1.7e+308 -1.7e+308 -1.7e+308 226 226 226 226 226 226 226 226 226 226 226 196 196 196 196
-1.7e+308 -1.7e+308 -1.7e+308 -1.7e+308 -1.7e+308 -1.7e+308 -1.7e+308 -1.7e+308 -1.7e+308 -1.7e+308 -1.7e+308 -1.7e+308 -1.7e+308 -1.7e+308 -1.7e+308 -1.7e+308 -1.7e+308 -1.7e+308 -1.7e+308 -1.7e+308 -1.7e+308 -1.7e+308 -1.7e+308 -1.7e+308 -1.7e+308 -1.7e+308 -1.7e+308 -1.7e+308 -1.7e+308 -1.7e+308 -1.7e+308 -1.7e+308 -1.7e+308 -1.7e+308 -1.7e+308 -1.7e+308 -1.7e+308 -1.7e+308 -1.7e+308 -1.7e+308 -1.7e+308 -1.7e+308 -1.7e+308 -1.7e+308 -1.7e+308 -1.7e+308 -1.7e+308 -1.7e+308 -1.7e+308 -1.7e+308 -1.7e+308 -1.7e+308 -1.7e+308 226 226 226 226 226 226 226 226 227 226 196 196 196
-1.7e+308 -1.7e+308 -1.7e+308 -1.7e+308 -1.7e+308 -1.7e+308 -1.7e+308 -1.7e+308 -1.7e+308 -1.7e+308 -1.7e+308 -1.7e+308 -1.7e+308 -1.7e+308 -1.7e+308 -1.7e+308 -1.7e+308 -1.7e+308 -1.7e+308 -1.7e+308 -1.7e+308 -1.7e+308 -1.7e+308 -1.7e+308 -1.7e+308 -1.7e+308 -1.7e+308 -1.7e+308 -1.7e+308 -1.7e+308 -1.7e+308 -1.7e+308 -1.7e+308 -1.7e+308 -1.7e+308 -1.7e+308 -1.7e+308 -1.7e+308 -1.7e+308 -1.7e+308 -1.7e+308 -1.7e+308 -1.7e+308 -1.7e+308 -1.7e+308 -1.7e+308 -1.7e+308 -1.7e+308 -1.7e+308 -1.7e+308 -1.7e+308 -1.7e+308 -1.7e+308 -1.7e+308 226 226 226 226 226 226 226 226 226 226 226 226
-1.7e+308 -1.7e+308 -1.7e+308 -1.7e+308 -1.7e+308 -1.7e+308 -1.7e+308 -1.7e+308 -1.7e+308 -1.7e+308 -1.7e+308 -1.7e+308 -1.7e+308 -1.7e+308 -1.7e+308 -1.7e+308 -1.7e+308 -1.7e+308 -1.7e+308 -1.7e+308 -1.7e+308 -1.7e+308 -1.7e+308 -1.7e+308 -1.7e+308 -1.7e+308 -1.7e+308 -1.7e+308 -1.7e+308 -1.7e+308 -1.7e+308 -1.7e+308 -1.7e+308 -1.7e+308 -1.7e+308 -1.7e+308 -1.7e+308 -1.7e+308 -1.7e+308 -1.7e+308 -1.7e+308 -1.7e+308 -1.7e+308 -1.7e+308 -1.7e+308 -1.7e+308 -1.7e+308 -1.7e+308 -1.7e+308 -1.7e+308 -1.7e+308 -1.7e+308 -1.7e+308 -1.7e+308 -1.7e+308 226 226 226 226 226 226 226 226 226 226 226
-1.7e+308 -1.7e+308 -1.7e+308 -1.7e+308 -1.7e+308 -1.7e+308 -1.7e+308 -1.7e+308 -1.7e+308 -1.7e+308 -1.7e+308 -1.7e+308 -1.7e+308 -1.7e+308 -1.7e+308 -1.7e+308 -1.7e+308 -1.7e+308 -1.7e+308 -1.7e+308 -1.7e+308 -1.7e+308 -1.7e+308 -1.7e+308 -1.7e+308 -1.7e+308 -1.7e+308 -1.7e+308 -1.7e+308 -1.7e+308 -1.7e+308 -1.7e+308 -1.7e+308 -1.7e+308 -1.7e+308 -1.7e+308 -1.7e+308 -1.7e+308 -1.7e+308 -1.7e+308 -1.7e+308 -1.7e+308 -1.7e+308 -1.7e+308 -1.7e+308 -1.7e+308 -1.7e+308 -1.7e+308 -1.7e+308 -1.7e+308 -1.7e+308 -1.7e+308 -1.7e+308 -1.7e+308 -1.7e+308 -1.7e+308 226 226 226 226 225 225 225 226 226 226
