MaxEnt_Example/FutureLayers/bio14.asc
NCOLS 182 
NROWS 155 
XLLCORNER -87.625 
YLLCORNER 24.5416666666667 
CELLSIZE 0.0416666666666666 
NODATA_value -1.7e+308 
[rows 0 to 29 of 155, columns 67 to 133 of 182]
-1.7e+308 -1.7e+308 -1.7e+308 -1.7e+308 -1.7e+308 -1.7e+308 -1.7e+308 -1.7e+308 -1.7e+308 -1.7e+308 -1.7e+308 -1.7e+308 -1.7e+308 -1.7e+308 -1.7e+308 -1.7e+308 -1.7e+308 -1.7e+308 -1.7e+308 -1.7e+308 -1.7e+308 -1.7e+308 -1.7e+308 -1.7e+308 -1.7e+308 -1.7e+308 -1.7e+308 -1.7e+308 -1.7e+308 -1.7e+308 -1.7e+308 -1.7e+308 -1.7e+308 -1.7e+308 -1.7e+308 -1.7e+308 -1.7e+308 -1.7e+308 -1.7e+308 -1.7e+308 -1.7e+308 -1.7e+308 -1.7e+308 -1.7e+308 -1.7e+308 -1.7e+308 -1.7e+308 -1.7e+308 -1.7e+308 -1.7e+308 -1.7e+308 -1.7e+308 -1.7e+308 -1.7e+308 -1.7e+308 -1.7e+308 -1.7e+308 -1.7e+308 -1.7e+308 -1.7e+308 -1.7e+308 -1.7e+308 -1.7e+308 -1.7e+308 -1.7e+308 -1.7e+308 -1.7e+308
-1.7e+308 -1.7e+308 -1.7e+308 -1.7e+308 -1.7e+308 -1.7e+308 -1.7e+308 -1.7e+308 -1.7e+308 -1.7e+308 -1.7e+308 -1.7e+308 -1.7e+308 -1.7e+308 -1.7e+308 -1.7e+308 -1.7e+308 -1.7e+308 -1.7e+308 -1.7e+308 -1.7e+308 -1.7e+308 -1.7e+308 -1.7e+308 -1.7e+308 -1.7e+308 -1.7e+308 -1.7e+308 -1.7e+308 -1.7e+308 -1.7e+308 -1.7e+308 -1.7e+308 -1.7e+308 -1.7e+308 -1.7e+308 -1.7e+308 -1.7e+308 -1.7e+308 -1.7e+308 -1.7e+308 -1.7e+308 -1.7e+308 -1.7e+308 -1.7e+308 -1.7e+308 -1.7e+308 -1.7e+308 -1.7e+308 -1.7e+308 -1.7e+308 -1.7e+308 -1.7e+308 -1.7e+308 -1.7e+308 -1.7e+308 -1.7e+308 -1.7e+308 -1.7e+308 -1.7e+308 -1.7e+308 -1.7e+308 -1.7e+308 -1.7e+308 -1.7e+308 -1.7e+308 -1.7e+308
-1.7e+308 -1.7e+308 -1.7e+308 -1.7e+308 -1.7e+308 -1.7e+308 -1.7e+308 -1.7e+308 -1.7e+308 -1.7e+308 -1.7e+308 -1.7e+308 -1.7e+308 -1.7e+308 -1.7e+308 -1.7e+308 -1.7e+308 -1.7e+308 -1.7e+308 -1.7e+308 -1.7e+308 -1.7e+308 -1.7e+308 -1.7e+308 -1.7e+308 -1.7e+308 -1.7e+308 -1.7e+308 -1.7e+308 -1.7e+308 -1.7e+308 -1.7e+308 -1.7e+308 -1.7e+308 -1.7e+308 -1.7e+308 -1.7e+308 -1.7e+308 -1.7e+308 -1.7e+308 -1.7e+308 -1.7e+308 -1.7e+308 -1.7e+308 -1.7e+308 -1.7e+308 -1.7e+308 -1.7e+308 -1.7e+308 -1.7e+308 -1.7e+308 -1.7e+308 -1.7e+308 -1.7e+308 -1.7e+308 -1.7e+308 -1.7e+308 -1.7e+308 -1.7e+308 -1.7e+308 -1.7e+308 -1.7e+308 -1.7e+308 -1.7e+308 -1.7e+308 -1.7e+308 -1.7e+308
-1.7e+308 -1.7e+308 -1.7e+308 -1.7e+308 -1.7e+308 -1.7e+308 -1.7e+308 -1.7e+308 -1.7e+308 -1.7e+308 -1.7e+308 -1.7e+308 -1.7e+308 -1.7e+308 -1.7e+308 -1.7e+308 -1.7e+308 -1.7e+308 -1.7e+308 -1.7e+308 -1.7e+308 -1.7e+308 -1.7e+308 -1.7e+308 -1.7e+308 -1.7e+308 -1.7e+308 -1.7e+308 -1.7e+308 -1.7e+308 -1.7e+308 -1.7e+308 -1.7e+308 -1.7e+308 -1.7e+308 -1.7e+308 -1.7e+308 -1.7e+308 -1.7e+308 -1.7e+308 -1.7e+308 -1.7e+308 -1.7e+308 -1.7e+308 -1.7e+308 -1.7e+308 -1.7e+308 -1.7e+308 -1.7e+308 -1.7e+308 -1.7e+308 -1.7e+308 -1.7e+308 -1.7e+308 -1.7e+308 -1.7e+308 -1.7e+308 -1.7e+308 -1.7e+308 -1.7e+308 -1.7e+308 -1.7e+308 -1.7e+308 -1.7e+308 -1.7e+308 -1.7e+308 -1.7e+308
-1.7e+308 -1.7e+308 -1.7e+308 -1.7e+308 -1.7e+308 -1.7e+308 -1.7e+308 -1.7e+308 -1.7e+308 -1.7e+308 -1.7e+308 -1.7e+308 -1.7e+308 -1.7e+308 -1.7e+308 -1.7e+308 -1.7e+308 -1.7e+308 -1.7e+308 -1.7e+308 -1.7e+308 -1.7e+308 -1.7e+308 -1.7e+308 -1.7e+308 -1.7e+308 -1.7e+308 -1.7e+308 -1.7e+308 -1.7e+308 -1.7e+308 -1.7e+308 -1.7e+308 -1.7e+308 -1.7e+308 -1.7e+308 -1.7e+308 -1.7e+308 -1.7e+308 -1.7e+308 -1.7e+308 -1.7e+308 -1.7e+308 -1.7e+308 -1.7e+308 -1.7e+308 -1.7e+308 -1.7e+308 -1.7e+308 -1.7e+308 -1.7e+308 -1.7e+308 -1.7e+308 -1.7e+308 -1.7e+308 -1.7e+308 -1.7e+308 -1.7e+308 -1.7e+308 -1.7e+308 -1.7e+308 -1.7e+308 -1.7e+308 -1.7e+308 -1.7e+308 -1.7e+308 -1.7e+308
-1.7e+308 -1.7e+308 -1.7e+308 -1.7e+308 -1.7e+308 -1.7e+308 -1.7e+308 -1.7e+308 -1.7e+308 -1.7e+308 -1.7e+308 -1.7e+308 -1.7e+308 -1.7e+308 -1.7e+308 -1.7e+308 -1.7e+308 -1.7e+308 -1.7e+308 -1.7e+308 -1.7e+308 -1.7e+308 -1.7e+308 -1.7e+308 -1.7e+308 -1.7e+308 -1.7e+308 -1.7e+308 -1.7e+308 -1.7e+308 -1.7e+308 -1.7e+308 -1.7e+308 -1.7e+308 -1.7e+308 -1.7e+308 -1.7e+308 -1.7e+308 -1.7e+308 -1.7e+308 -1.7e+308 -1.7e+308 -1.7e+308 -1.7e+308 -1.7e+308 -1.7e+308 -1.7e+308 -1.7e+308 -1.7e+308 -1.7e+308 -1.7e+308 -1.7e+308 -1.7e+308 -1.7e+308 -1.7e+308 -1.7e+308 -1.7e+308 -1.7e+308 -1.7e+308 -1.7e+308 -1.7e+308 -1.7e+308 -1.7e+308 -1.7e+308 -1.7e+308 -1.7e+308 -1.7e+308
-1.7e+308 -1.7e+308 -1.7e+308 -1.7e+308 -1.7e+308 -1.7e+308 -1.7e+308 -1.7e+308 -1.7e+308 -1.7e+308 -1.7e+308 -1.7e+308 -1.7e+308 -1.7e+308 -1.7e+308 -1.7e+308 -1.7e+308 -1.7e+308 -1.7e+308 -1.7e+308 -1.7e+308 -1.7e+308 -1.7e+308 -1.7e+308 -1.7e+308 -1.7e+308 -1.7e+308 -1.7e+308 -1.7e+308 -1.7e+308 -1.7e+308 -1.7e+308 -1.7e+308 -1.7e+308 -1.7e+308 -1.7e+308 -1.7e+308 -1.7e+308 -1.7e+308 -1.7e+308 -1.7e+308 -1.7e+308 -1.7e+308 -1.7e+308 -1.7e+308 -1.7e+308 -1.7e+308 -1.7e+308 -1.7e+308 -1.7e+308 -1.7e+308 -1.7e+308 -1.7e+308 -1.7e+308 -1.7e+308 -1.7e+308 -1.7e+308 -1.7e+308 -1.7e+308 -1.7e+308 -1.7e+308 -1.7e+308 -1.7e+308 -1.7e+308 -1.7e+308 -1.7e+308 -1.7e+308
90 91 91 90 89 88 88 87 86 85 85 84 -1.7e+308 -1.7e+308 -1.7e+308 -1.7e+308 -1.7e+308 -1.7e+308 -1.7e+308 -1.7e+308 -1.7e+308 -1.7e+308 -1.7e+308 -1.7e+308 -1.7e+308 -1.7e+308 -1.7e+308 -1.7e+308 -1.7e+308 -1.7e+308 -1.7e+308 -1.7e+308 -1.7e+308 -1.7e+308 -1.7e+308 -1.7e+308 -1.7e+308 -1.7e+308 -1.7e+308 -1.7e+308 -1.7e+308 -1.7e+308 -1.7e+308 -1.7e+308 -1.7e+308 -1.7e+308 -1.7e+308 -1.7e+308 -1.7e+308 -1.7e+308 -1.7e+308 -1.7e+308 -1.7e+308 -1.7e+308 -1.7e+308 -1.7e+308 -1.7e+308 -1.7e+308 -1.7e+308 -1.7e+308 -1.7e+308 -1.7e+308 -1.7e+308 -1.7e+308 -1.7e+308 -1.7e+308 -1.7e+308
92 92 92 92 91 90 89 88 87 87 87 85 84 84 83 82 82 81 80 80 80 79 78 78 77 77 77 77 76 75 75 75 -1.7e+308 -1.7e+308 -1.7e+308 -1.7e+308 -1.7e+308 -1.7e+308 -1.7e+308 -1.7e+308 -1.7e+308 -1.7e+308 -1.7e+308 -1.7e+308 -1.7e+308 -1.7e+308 -1.7e+308 -1.7e+308 -1.7e+308 -1.7e+308 -1.7e+308 -1.7e+308 -1.7e+308 -1.7e+308 -1.7e+308 -1.7e+308 -1.7e+308 -1.7e+308 -1.7e+308 -1.7e+308 -1.7e+308 -1.7e+308 -1.7e+308 -1.7e+308 -1.7e+308 -1.7e+308 -1.7e+308
94 93 93 93 92 91 89 89 88 88 88 87 86 85 85 84 83 83 82 81 80 80 79 79 78 78 77 77 77 75 75 75 75 74 72 71 69 68 68 67 66 65 65 65 64 63 64 64 64 -1.7e+308 -1.7e+308 -1.7e+308 -1.7e+308 -1.7e+308 -1.7e+308 -1.7e+308 -1.7e+308 -1.7e+308 -1.7e+308 -1.7e+308 -1.7e+308 -1.7e+308 -1.7e+308 -1.7e+308 -1.7e+308 -1.7e+308 -1.7e+308
96 95 94 93 93 92 91 90 90 89 89 88 87 87 86 85 84 84 83 82 80 80 80 80 78 78 77 77 77 75 75 75 75 74 72 71 70 68 68 67 66 65 65 64 64 64 63 64 64 65 65 66 66 66 67 67 67 68 68 68 69 69 70 -1.7e+308 -1.7e+308 -1.7e+308 -1.7e+308
97 96 96 95 94 93 92 92 92 91 89 89 89 89 87 85 85 84 84 83 82 82 81 80 79 78 78 77 77 76 75 75 75 74 72 71 69 68 68 67 65 65 64 64 64 64 63 64 64 65 65 66 66 66 67 67 67 67 68 68 68 69 -1.7e+308 -1.7e+308 -1.7e+308 -1.7e+308 -1.7e+308
98 97 97 96 96 95 93 93 93 92 92 91 90 90 88 88 86 85 84 84 82 82 82 81 80 78 78 77 77 76 75 75 74 74 72 71 69 68 67 67 65 65 64 64 64 64 63 64 64 65 65 66 66 67 67 67 67 67 67 68 68 69 69 -1.7e+308 -1.7e+308 -1.7e+308 -1.7e+308
99 98 98 97 96 96 95 94 94 94 93 92 92 90 89 88 86 85 85 84 84 83 82 81 80 79 78 77 77 76 75 75 74 73 72 71 69 68 67 67 65 65 64 64 64 64 63 64 64 65 65 66 66 67 67 67 67 67 67 67 67 68 69 -1.7e+308 -1.7e+308 -1.7e+308 -1.7e+308
100 100 99 98 97 97 97 96 96 95 94 93 92 91 90 89 88 86 85 85 84 84 82 81 79 79 78 77 77 75 75 74 74 72 71 71 69 68 67 66 65 64 64 64 64 64 63 65 64 65 66 66 67 67 67 67 67 67 67 67 67 67 67 -1.7e+308 -1.7e+308 -1.7e+308 -1.7e+308
101 100 100 100 99 98 97 97 97 96 96 94 93 92 90 89 88 86 85 85 84 83 82 81 79 78 78 77 77 75 75 74 73 72 71 70 68 68 67 66 65 64 64 64 64 64 63 64 64 65 66 66 67 67 68 67 67 67 66 66 65 65 65 66 68 71 73
102 101 101 100 100 100 98 98 97 97 96 94 93 92 91 89 88 87 86 85 84 82 81 81 79 78 78 77 76 75 74 74 72 71 71 70 68 67 67 66 65 64 64 64 64 64 63 65 64 66 66 68 68 69 69 68 67 67 66 66 66 65 64 65 67 70 73
102 101 101 101 101 100 100 98 98 97 96 95 94 93 92 90 89 88 86 85 84 82 81 81 79 78 77 77 75 74 74 73 72 71 70 69 68 67 66 66 64 64 63 63 62 64 64 65 66 66 67 68 69 70 70 69 68 67 66 66 64 64 63 63 65 68 72
102 101 101 101 102 101 100 100 98 97 97 96 94 93 92 90 89 88 86 85 84 83 82 81 79 78 77 76 75 74 73 73 71 71 70 68 67 67 66 65 64 63 63 63 63 64 64 65 66 67 68 69 70 71 71 70 68 67 66 65 64 63 62 63 65 68 71
101 101 101 100 102 102 101 100 99 98 97 96 94 93 92 90 89 88 86 85 84 83 82 81 79 78 77 76 74 74 73 72 71 70 69 68 67 66 65 64 63 63 63 63 63 63 64 65 65 66 68 69 71 72 71 70 68 67 66 65 63 63 62 63 64 67 70
101 101 100 100 100 100 100 100 100 98 97 96 95 94 93 91 89 88 86 86 85 83 82 81 79 78 77 75 74 73 72 71 71 70 69 68 67 66 64 64 63 63 62 62 61 63 63 64 65 66 67 68 69 70 70 69 67 66 65 64 64 63 62 63 65 67 69
100 100 100 100 99 99 99 99 99 99 97 96 95 94 92 90 89 89 87 85 84 84 82 81 79 78 77 75 74 73 71 71 70 70 69 67 67 66 64 63 63 62 62 61 61 61 61 62 63 64 65 67 68 69 69 68 66 66 65 64 63 62 62 62 64 66 68
99 99 99 99 98 98 98 97 97 97 98 -1.7e+308 -1.7e+308 -1.7e+308 -1.7e+308 -1.7e+308 -1.7e+308 -1.7e+308 -1.7e+308 -1.7e+308 -1.7e+308 82 82 81 79 78 76 75 74 73 71 71 70 70 69 67 66 65 64 63 62 61 61 60 60 60 60 61 62 63 64 65 66 67 67 67 66 65 64 64 63 63 63 63 63 65 67
98 98 98 98 97 96 96 96 96 96 96 -1.7e+308 -1.7e+308 -1.7e+308 -1.7e+308 -1.7e+308 -1.7e+308 -1.7e+308 -1.7e+308 -1.7e+308 -1.7e+308 -1.7e+308 -1.7e+308 80 79 78 76 75 74 73 71 71 70 69 69 67 66 65 63 62 61 61 59 59 58 58 59 59 60 61 62 63 64 65 65 65 65 64 64 63 63 62 61 62 62 64 66
96 96 96 96 96 96 96 95 95 -1.7e+308 -1.7e+308 95 -1.7e+308 -1.7e+308 -1.7e+308 -1.7e+308 -1.7e+308 -1.7e+308 -1.7e+308 -1.7e+308 -1.7e+308 -1.7e+308 -1.7e+308 -1.7e+308 -1.7e+308 77 77 75 74 73 72 71 70 70 69 67 66 65 63 62 61 59 58 57 57 57 57 58 59 60 61 61 62 63 63 64 64 64 63 63 63 62 62 62 61 63 65
95 95 95 95 95 95 95 95 95 94 94 94 -1.7e+308 -1.7e+308 -1.7e+308 -1.7e+308 -1.7e+308 -1.7e+308 -1.7e+308 -1.7e+308 -1.7e+308 -1.7e+308 -1.7e+308 -1.7e+308 -1.7e+308 -1.7e+308 -1.7e+308 75 74 73 73 71 70 70 69 67 66 65 62 61 59 57 57 56 56 56 56 57 57 58 59 60 61 62 62 63 63 63 63 63 63 63 63 62 61 61 65
93 93 93 93 93 93 93 -1.7e+308 -1.7e+308 -1.7e+308 -1.7e+308 -1.7e+308 -1.7e+308 -1.7e+308 -1.7e+308 -1.7e+308 -1.7e+308 -1.7e+308 -1.7e+308 -1.7e+308 -1.7e+308 -1.7e+308 -1.7e+308 -1.7e+308 -1.7e+308 -1.7e+308 -1.7e+308 -1.7e+308 74 74 73 71 71 70 69 67 66 64 62 60 58 56 55 54 54 54 54 55 56 57 58 59 60 61 61 62 63 63 63 63 63 63 63 63 63 63 65
92 92 92 92 92 -1.7e+308 -1.7e+308 -1.7e+308 -1.7e+308 -1.7e+308 -1.7e+308 -1.7e+308 -1.7e+308 -1.7e+308 -1.7e+308 -1.7e+308 -1.7e+308 -1.7e+308 -1.7e+308 -1.7e+308 -1.7e+308 -1.7e+308 -1.7e+308 -1.7e+308 -1.7e+308 -1.7e+308 -1.7e+308 -1.7e+308 -1.7e+308 73 73 71 71 70 69 67 66 64 61 59 56 55 53 52 51 51 52 53 54 56 57 58 59 60 61 62 63 63 64 64 64 64 64 64 64 65 67
90 90 90 -1.7e+308 -1.7e+308 -1.7e+308 -1.7e+308 -1.7e+308 -1.7e+308 -1.7e+308 -1.7e+308 -1.7e+308 -1.7e+308 -1.7e+308 -1.7e+308 -1.7e+308 -1.7e+308 -1.7e+308 -1.7e+308 -1.7e+308 -1.7e+308 -1.7e+308 -1.7e+308 -1.7e+308 -1.7e+308 -1.7e+308 -1.7e+308 -1.7e+308 -1.7e+308 -1.7e+308 73 72 71 70 70 69 66 64 61 58 55 53 50 49 49 49 50 51 52 54 56 57 58 59 60 62 63 64 65 66 66 66 67 67 67 68 70
90 -1.7e+308 -1.7e+308 -1.7e+308 -1.7e+308 -1.7e+308 -1.7e+308 -1.7e+308 -1.7e+308 -1.7e+308 -1.7e+308 -1.7e+308 -1.7e+308 -1.7e+308 -1.7e+308 -1.7e+308 -1.7e+308 -1.7e+308 -1.7e+308 -1.7e+308 -1.7e+308 -1.7e+308 -1.7e+308 -1.7e+308 -1.7e+308 -1.7e+308 -1.7e+308 -1.7e+308 -1.7e+308 -1.7e+308 73 72 71 70 70 69 67 65 61 57 53 50 47 46 46 47 48 50 51 53 55 56 58 59 60 62 63 65 66 67 67 68 68 69 69 70 72
