MaxEnt_Example/FutureLayers/bio13.asc
NCOLS 182 
NROWS 155 
XLLCORNER -87.625 
YLLCORNER 24.5416666666667 
CELLSIZE 0.0416666666666666 
NODATA_value -1.7e+308 
[rows 0 to 28 of 155, columns 0 to 65 of 182]
-169999999999999993883079578865998174333346074304075874502773119193537729178160565864330091787584707988572262467983188919169916105593357174268369962062473635296474636515660464935663040684957844303524367815028553272712298986386310828644513212353921123253311675499856875650512437415429217994623324794855339589632.000000000000000 222 222 222 222 222 221 221 219 218 218 220 220 219 218 217 217 217 217 216 216 215 216 216 216 215 216 216 216 217 216 217 216 217 215 215 215 214 213 213 213 212 211 210 211 210 209 209 208 208 207 205 205 204 204 203 202 202 202 202 202 200 200 -1.7e+308 -1.7e+308 -1.7e+308
-1.7e+308 221 221 221 221 220 220 219 217 218 219 219 217 217 216 215 214 215 215 214 214 214 214 214 214 214 215 216 215 215 215 216 216 217 215 216 215 214 214 213 213 212 211 210 210 210 208 208 208 207 207 205 205 204 204 202 202 202 201 201 201 200 199 -1.7e+308 -1.7e+308 -1.7e+308
219 220 220 220 219 219 218 216 215 218 217 216 214 215 214 212 212 212 212 212 212 212 212 213 212 212 213 214 213 214 213 214 214 215 215 215 215 215 214 212 211 211 209 210 210 208 208 208 208 207 207 205 205 204 203 202 201 200 200 200 200 198 198 197 -1.7e+308 -1.7e+308
218 218 218 218 218 216 216 214 214 216 216 214 213 212 211 210 210 210 210 211 211 210 211 211 210 211 212 211 211 212 213 213 213 213 213 214 215 214 213 212 212 210 209 210 209 208 208 208 207 206 205 205 204 204 202 201 200 200 199 199 199 197 197 196 196 -1.7e+308
-1.7e+308 216 217 216 216 215 214 212 212 213 213 213 212 208 207 208 208 207 208 209 208 209 210 209 209 210 210 210 210 210 211 211 212 212 213 213 213 213 212 211 210 210 209 208 208 208 208 207 206 205 205 205 203 203 202 201 200 198 198 197 197 196 195 195 194 -1.7e+308
-1.7e+308 -1.7e+308 215 215 214 214 212 210 210 212 211 211 210 207 205 205 206 206 206 207 207 208 208 208 208 209 208 209 209 209 209 211 211 211 211 213 213 212 211 211 209 209 208 208 208 207 207 206 205 205 205 205 203 202 202 200 199 198 197 197 195 195 194 193 193 -1.7e+308
-1.7e+308 -1.7e+308 -1.7e+308 213 212 212 211 209 208 209 209 207 206 204 202 202 203 203 204 205 206 207 207 206 206 207 206 207 207 208 209 209 209 210 211 211 211 212 211 209 209 207 207 207 206 206 206 205 205 205 204 204 202 201 200 198 197 196 195 195 194 193 193 193 193 191
-1.7e+308 -1.7e+308 -1.7e+308 -1.7e+308 -1.7e+308 209 209 208 206 206 206 205 204 203 200 200 201 202 203 204 205 205 204 204 204 204 204 204 205 206 207 208 208 208 208 209 209 210 210 209 207 207 206 206 206 206 205 204 204 203 203 202 201 200 198 197 196 195 194 193 193 192 191 191 191 190
-1.7e+308 -1.7e+308 -1.7e+308 -1.7e+308 -1.7e+308 -1.7e+308 206 206 203 203 204 203 201 201 199 200 201 201 202 202 203 204 204 204 204 204 204 204 204 205 204 206 206 206 206 207 208 208 207 207 207 206 206 205 204 204 203 203 202 202 202 200 200 200 198 196 195 194 192 191 191 191 191 190 189 189
-1.7e+308 -1.7e+308 -1.7e+308 -1.7e+308 -1.7e+308 205 204 204 202 201 201 201 200 199 198 199 200 200 200 202 203 204 204 204 203 202 201 202 202 202 202 203 204 204 205 205 206 206 206 206 205 204 204 204 203 203 203 203 202 202 201 200 200 198 197 196 194 193 191 190 190 189 189 188 188 189
-1.7e+308 -1.7e+308 -1.7e+308 -1.7e+308 -1.7e+308 203 202 202 201 199 198 -1.7e+308 198 198 198 198 198 200 201 203 203 203 203 203 202 200 199 200 200 200 201 201 202 203 203 204 204 205 205 204 204 203 203 204 204 203 202 202 201 200 200 199 198 196 195 194 192 191 189 189 188 187 186 186 188 189
-1.7e+308 -1.7e+308 -1.7e+308 -1.7e+308 201 201 200 199 199 198 198 -1.7e+308 -1.7e+308 196 -1.7e+308 198 199 200 201 202 203 203 203 202 202 201 200 199 198 198 199 199 200 200 201 201 202 203 203 203 203 202 202 203 202 202 201 201 199 198 197 196 196 195 194 192 191 189 188 186 186 185 185 186 187 188
-1.7e+308 -1.7e+308 -1.7e+308 -1.7e+308 -1.7e+308 198 197 197 197 197 196 -1.7e+308 -1.7e+308 196 -1.7e+308 -1.7e+308 198 200 201 202 202 204 204 204 203 203 201 -1.7e+308 198 198 197 198 -1.7e+308 199 199 200 200 201 201 201 201 201 201 201 201 201 200 199 198 197 196 195 195 193 192 191 190 188 186 185 184 183 183 184 186 186
-1.7e+308 -1.7e+308 -1.7e+308 -1.7e+308 -1.7e+308 -1.7e+308 -1.7e+308 197 197 198 197 -1.7e+308 -1.7e+308 -1.7e+308 -1.7e+308 -1.7e+308 201 202 203 204 205 206 207 207 205 205 -1.7e+308 -1.7e+308 -1.7e+308 -1.7e+308 -1.7e+308 -1.7e+308 -1.7e+308 -1.7e+308 -1.7e+308 198 198 199 199 199 199 199 199 199 199 200 199 198 197 195 195 194 193 192 191 190 188 187 184 183 182 182 182 183 184 185
-1.7e+308 -1.7e+308 -1.7e+308 -1.7e+308 -1.7e+308 196 196 198 198 -1.7e+308 -1.7e+308 -1.7e+308 -1.7e+308 200 200 201 -1.7e+308 -1.7e+308 -1.7e+308 -1.7e+308 -1.7e+308 207 207 -1.7e+308 206 -1.7e+308 -1.7e+308 202 201 200 -1.7e+308 198 196 196 -1.7e+308 -1.7e+308 197 197 197 198 198 198 199 199 199 198 198 196 196 194 193 193 193 192 192 190 188 188 185 184 182 182 182 183 183 184
-1.7e+308 -1.7e+308 -1.7e+308 -1.7e+308 -1.7e+308 197 199 200 199 -1.7e+308 200 -1.7e+308 -1.7e+308 -1.7e+308 201 -1.7e+308 -1.7e+308 -1.7e+308 -1.7e+308 -1.7e+308 -1.7e+308 -1.7e+308 -1.7e+308 -1.7e+308 -1.7e+308 -1.7e+308 -1.7e+308 -1.7e+308 -1.7e+308 -1.7e+308 -1.7e+308 -1.7e+308 -1.7e+308 197 195 196 196 196 196 197 197 197 197 197 197 197 196 195 194 193 194 194 194 193 192 192 191 190 188 187 186 185 185 186 186 186
-1.7e+308 -1.7e+308 -1.7e+308 195 -1.7e+308 -1.7e+308 198 -1.7e+308 -1.7e+308 -1.7e+308 -1.7e+308 -1.7e+308 -1.7e+308 -1.7e+308 -1.7e+308 -1.7e+308 -1.7e+308 -1.7e+308 -1.7e+308 -1.7e+308 -1.7e+308 -1.7e+308 -1.7e+308 -1.7e+308 -1.7e+308 -1.7e+308 -1.7e+308 -1.7e+308 -1.7e+308 -1.7e+308 -1.7e+308 -1.7e+308 -1.7e+308 -1.7e+308 -1.7e+308 -1.7e+308 194 194 194 195 195 195 195 196 196 196 195 194 193 194 193 194 194 195 194 194 193 192 191 190 189 188 187 187 187 188
-1.7e+308 -1.7e+308 -1.7e+308 -1.7e+308 -1.7e+308 -1.7e+308 -1.7e+308 -1.7e+308 -1.7e+308 -1.7e+308 -1.7e+308 -1.7e+308 -1.7e+308 -1.7e+308 -1.7e+308 -1.7e+308 -1.7e+308 -1.7e+308 -1.7e+308 -1.7e+308 -1.7e+308 -1.7e+308 -1.7e+308 -1.7e+308 -1.7e+308 -1.7e+308 -1.7e+308 -1.7e+308 -1.7e+308 -1.7e+308 -1.7e+308 -1.7e+308 -1.7e+308 -1.7e+308 -1.7e+308 -1.7e+308 -1.7e+308 -1.7e+308 -1.7e+308 194 194 194 194 -1.7e+308 -1.7e+308 195 196 195 194 195 194 195 195 195 195 196 196 196 195 194 192 192 191 190 190 190
-1.7e+308 -1.7e+308 -1.7e+308 -1.7e+308 -1.7e+308 -1.7e+308 -1.7e+308 -1.7e+308 -1.7e+308 -1.7e+308 -1.7e+308 -1.7e+308 -1.7e+308 -1.7e+308 -1.7e+308 -1.7e+308 -1.7e+308 -1.7e+308 -1.7e+308 -1.7e+308 -1.7e+308 -1.7e+308 -1.7e+308 -1.7e+308 -1.7e+308 -1.7e+308 -1.7e+308 -1.7e+308 -1.7e+308 -1.7e+308 -1.7e+308 -1.7e+308 -1.7e+308 -1.7e+308 -1.7e+308 -1.7e+308 -1.7e+308 -1.7e+308 -1.7e+308 -1.7e+308 -1.7e+308 192 191 192 192 -1.7e+308 -1.7e+308 195 194 194 193 194 194 196 196 197 198 198 197 197 195 194 193 192 192 191
-1.7e+308 -1.7e+308 -1.7e+308 -1.7e+308 -1.7e+308 -1.7e+308 -1.7e+308 -1.7e+308 -1.7e+308 -1.7e+308 -1.7e+308 -1.7e+308 -1.7e+308 -1.7e+308 -1.7e+308 -1.7e+308 -1.7e+308 -1.7e+308 -1.7e+308 -1.7e+308 -1.7e+308 -1.7e+308 -1.7e+308 -1.7e+308 -1.7e+308 -1.7e+308 -1.7e+308 -1.7e+308 -1.7e+308 -1.7e+308 -1.7e+308 -1.7e+308 -1.7e+308 -1.7e+308 -1.7e+308 -1.7e+308 -1.7e+308 -1.7e+308 -1.7e+308 -1.7e+308 -1.7e+308 -1.7e+308 -1.7e+308 190 191 -1.7e+308 195 194 193 192 192 194 194 196 197 199 200 202 201 200 199 197 196 194 193 193
-1.7e+308 -1.7e+308 -1.7e+308 -1.7e+308 -1.7e+308 -1.7e+308 -1.7e+308 -1.7e+308 -1.7e+308 -1.7e+308 -1.7e+308 -1.7e+308 -1.7e+308 -1.7e+308 -1.7e+308 -1.7e+308 -1.7e+308 -1.7e+308 -1.7e+308 -1.7e+308 -1.7e+308 -1.7e+308 -1.7e+308 -1.7e+308 -1.7e+308 -1.7e+308 -1.7e+308 -1.7e+308 -1.7e+308 -1.7e+308 -1.7e+308 -1.7e+308 -1.7e+308 -1.7e+308 -1.7e+308 -1.7e+308 -1.7e+308 -1.7e+308 -1.7e+308 -1.7e+308 -1.7e+308 -1.7e+308 -1.7e+308 -1.7e+308 -1.7e+308 190 -1.7e+308 191 189 188 189 191 193 195 197 200 202 204 204 203 200 199 197 195 195 194
-1.7e+308 -1.7e+308 -1.7e+308 -1.7e+308 -1.7e+308 -1.7e+308 -1.7e+308 -1.7e+308 -1.7e+308 -1.7e+308 -1.7e+308 -1.7e+308 -1.7e+308 -1.7e+308 -1.7e+308 -1.7e+308 -1.7e+308 -1.7e+308 -1.7e+308 -1.7e+308 -1.7e+308 -1.7e+308 -1.7e+308 -1.7e+308 -1.7e+308 -1.7e+308 -1.7e+308 -1.7e+308 -1.7e+308 -1.7e+308 -1.7e+308 -1.7e+308 -1.7e+308 -1.7e+308 -1.7e+308 -1.7e+308 -1.7e+308 -1.7e+308 -1.7e+308 -1.7e+308 -1.7e+308 -1.7e+308 -1.7e+308 -1.7e+308 -1.7e+308 -1.7e+308 -1.7e+308 187 -1.7e+308 -1.7e+308 187 189 191 195 197 200 203 205 206 204 202 200 198 196 195 195
-1.7e+308 -1.7e+308 -1.7e+308 -1.7e+308 -1.7e+308 -1.7e+308 -1.7e+308 -1.7e+308 -1.7e+308 -1.7e+308 -1.7e+308 -1.7e+308 -1.7e+308 -1.7e+308 -1.7e+308 -1.7e+308 -1.7e+308 -1.7e+308 -1.7e+308 -1.7e+308 -1.7e+308 -1.7e+308 -1.7e+308 -1.7e+308 -1.7e+308 -1.7e+308 -1.7e+308 -1.7e+308 -1.7e+308 -1.7e+308 -1.7e+308 -1.7e+308 -1.7e+308 -1.7e+308 -1.7e+308 -1.7e+308 -1.7e+308 -1.7e+308 -1.7e+308 -1.7e+308 -1.7e+308 -1.7e+308 -1.7e+308 -1.7e+308 -1.7e+308 -1.7e+308 -1.7e+308 -1.7e+308 183 184 -1.7e+308 187 -1.7e+308 193 195 198 201 203 204 203 201 199 197 196 195 194
-1.7e+308 -1.7e+308 -1.7e+308 -1.7e+308 -1.7e+308 -1.7e+308 -1.7e+308 -1.7e+308 -1.7e+308 -1.7e+308 -1.7e+308 -1.7e+308 -1.7e+308 -1.7e+308 -1.7e+308 -1.7e+308 -1.7e+308 -1.7e+308 -1.7e+308 -1.7e+308 -1.7e+308 -1.7e+308 -1.7e+308 -1.7e+308 -1.7e+308 -1.7e+308 -1.7e+308 -1.7e+308 -1.7e+308 -1.7e+308 -1.7e+308 -1.7e+308 -1.7e+308 -1.7e+308 -1.7e+308 -1.7e+308 -1.7e+308 -1.7e+308 -1.7e+308 -1.7e+308 -1.7e+308 -1.7e+308 -1.7e+308 -1.7e+308 -1.7e+308 -1.7e+308 -1.7e+308 -1.7e+308 -1.7e+308 -1.7e+308 189 190 -1.7e+308 193 194 197 199 202 202 201 200 199 199 198 197 197
-1.7e+308 -1.7e+308 -1.7e+308 -1.7e+308 -1.7e+308 -1.7e+308 -1.7e+308 -1.7e+308 -1.7e+308 -1.7e+308 -1.7e+308 -1.7e+308 -1.7e+308 -1.7e+308 -1.7e+308 -1.7e+308 -1.7e+308 -1.7e+308 -1.7e+308 -1.7e+308 -1.7e+308 -1.7e+308 -1.7e+308 -1.7e+308 -1.7e+308 -1.7e+308 -1.7e+308 -1.7e+308 -1.7e+308 -1.7e+308 -1.7e+308 -1.7e+308 -1.7e+308 -1.7e+308 -1.7e+308 -1.7e+308 -1.7e+308 -1.7e+308 -1.7e+308 -1.7e+308 -1.7e+308 -1.7e+308 -1.7e+308 -1.7e+308 -1.7e+308 -1.7e+308 -1.7e+308 -1.7e+308 -1.7e+308 -1.7e+308 -1.7e+308 191 193 194 196 197 199 200 201 202 202 202 201 201 200 199
-1.7e+308 -1.7e+308 -1.7e+308 -1.7e+308 -1.7e+308 -1.7e+308 -1.7e+308 -1.7e+308 -1.7e+308 -1.7e+308 -1.7e+308 -1.7e+308 -1.7e+308 -1.7e+308 -1.7e+308 -1.7e+308 -1.7e+308 -1.7e+308 -1.7e+308 -1.7e+308 -1.7e+308 -1.7e+308 -1.7e+308 -1.7e+308 -1.7e+308 -1.7e+308 -1.7e+308 -1.7e+308 -1.7e+308 -1.7e+308 -1.7e+308 -1.7e+308 -1.7e+308 -1.7e+308 -1.7e+308 -1.7e+308 -1.7e+308 -1.7e+308 -1.7e+308 -1.7e+308 -1.7e+308 -1.7e+308 -1.7e+308 -1.7e+308 -1.7e+308 -1.7e+308 -1.7e+308 -1.7e+308 -1.7e+308 -1.7e+308 -1.7e+308 -1.7e+308 -1.7e+308 197 199 200 202 203 204 205 205 205 205 205 204 203
-1.7e+308 -1.7e+308 -1.7e+308 -1.7e+308 -1.7e+308 -1.7e+308 -1.7e+308 -1.7e+308 -1.7e+308 -1.7e+308 -1.7e+308 -1.7e+308 -1.7e+308 -1.7e+308 -1.7e+308 -1.7e+308 -1.7e+308 -1.7e+308 -1.7e+308 -1.7e+308 -1.7e+308 -1.7e+308 -1.7e+308 -1.7e+308 -1.7e+308 -1.7e+308 -1.7e+308 -1.7e+308 -1.7e+308 -1.7e+308 -1.7e+308 -1.7e+308 -1.7e+308 -1.7e+308 -1.7e+308 -1.7e+308 -1.7e+308 -1.7e+308 -1.7e+308 -1.7e+308 -1.7e+308 -1.7e+308 -1.7e+308 -1.7e+308 -1.7e+308 -1.7e+308 -1.7e+308 -1.7e+308 -1.7e+308 -1.7e+308 -1.7e+308 -1.7e+308 -1.7e+308 -1.7e+308 200 202 203 205 206 207 207 208 208 207 206 205
-1.7e+308 -1.7e+308 -1.7e+308 -1.7e+308 -1.7e+308 -1.7e+308 -1.7e+308 -1.7e+308 -1.7e+308 -1.7e+308 -1.7e+308 -1.7e+308 -1.7e+308 -1.7e+308 -1.7e+308 -1.7e+308 -1.7e+308 -1.7e+308 -1.7e+308 -1.7e+308 -1.7e+308 -1.7e+308 -1.7e+308 -1.7e+308 -1.7e+308 -1.7e+308 -1.7e+308 -1.7e+308 -1.7e+308 -1.7e+308 -1.7e+308 -1.7e+308 -1.7e+308 -1.7e+308 -1.7e+308 -1.7e+308 -1.7e+308 -1.7e+308 -1.7e+308 -1.7e+308 -1.7e+308 -1.7e+308 -1.7e+308 -1.7e+308 -1.7e+308 -1.7e+308 -1.7e+308 -1.7e+308 -1.7e+308 -1.7e+308 -1.7e+308 -1.7e+308 -1.7e+308 -1.7e+308 -1.7e+308 205 206 208 209 210 211 212 212 211 210 208
-1.7e+308 -1.7e+308 -1.7e+308 -1.7e+308 -1.7e+308 -1.7e+308 -1.7e+308 -1.7e+308 -1.7e+308 -1.7e+308 -1.7e+308 -1.7e+308 -1.7e+308 -1.7e+308 -1.7e+308 -1.7e+308 -1.7e+308 -1.7e+308 -1.7e+308 -1.7e+308 -1.7e+308 -1.7e+308 -1.7e+308 -1.7e+308 -1.7e+308 -1.7e+308 -1.7e+308 -1.7e+308 -1.7e+308 -1.7e+308 -1.7e+308 -1.7e+308 -1.7e+308 -1.7e+308 -1.7e+308 -1.7e+308 -1.7e+308 -1.7e+308 -1.7e+308 -1.7e+308 -1.7e+308 -1.7e+308 -1.7e+308 -1.7e+308 -1.7e+308 -1.7e+308 -1.7e+308 -1.7e+308 -1.7e+308 -1.7e+308 -1.7e+308 -1.7e+308 -1.7e+308 -1.7e+308 -1.7e+308 -1.7e+308 208 209 210 212 213 214 214 213 212 210
