MaxEnt_Example/FutureLayers/bio16.asc
NCOLS 182 
NROWS 155 
XLLCORNER -87.625 
YLLCORNER 24.5416666666667 
CELLSIZE 0.0416666666666666 
NODATA_value -1.7e+308 
[rows 0 to 28 of 154, columns 0 to 65 of 182]
-169999999999999993883079578865998174333346074304075874502773119193537729178160565864330091787584707988572262467983188919169916105593357174268369962062473635296474636515660464935663040684957844303524367815028553272712298986386310828644513212353921123253311675499856875650512437415429217994623324794855339589632.000000000000000 543 542 541 541 541 540 540 536 534 535 539 540 539 536 533 532 532 529 527 525 522 522 522 521 519 519 520 521 520 519 520 518 518 514 514 512 509 507 507 506 502 498 497 497 496 494 494 493 493 492 492 492 492 493 493 494 495 496 499 501 500 500 -1.7e+308 -1.7e+308 -1.7e+308
-1.7e+308 539 537 537 536 537 535 534 530 532 536 537 534 533 530 528 525 526 524 522 519 517 517 516 515 513 515 517 515 514 514 514 515 516 513 514 511 509 507 507 505 501 497 497 497 496 493 494 494 494 493 494 494 493 493 494 494 495 496 498 499 498 499 -1.7e+308 -1.7e+308 -1.7e+308
533 534 533 534 532 530 529 526 525 532 532 530 527 528 526 521 518 517 517 515 514 513 512 512 509 506 508 510 508 509 509 511 511 512 512 511 512 512 509 503 501 499 497 498 497 494 494 495 495 495 495 495 495 496 495 494 493 494 496 497 497 496 496 496 -1.7e+308 -1.7e+308
529 528 529 527 526 524 524 519 520 526 528 527 523 521 518 515 513 511 511 510 509 506 507 506 501 503 504 503 502 503 505 506 507 508 509 510 510 510 507 504 502 499 497 497 496 495 496 496 495 496 495 495 495 496 494 493 492 494 493 496 496 495 494 494 494 -1.7e+308
-1.7e+308 522 523 522 520 518 516 512 513 519 521 522 520 513 509 511 509 504 505 503 500 502 503 500 499 503 504 504 506 507 509 511 513 516 517 519 518 514 510 505 499 498 497 496 496 497 497 496 494 495 496 497 496 496 496 495 494 492 492 493 493 492 492 492 491 -1.7e+308
-1.7e+308 -1.7e+308 516 515 512 513 510 506 507 514 515 516 514 510 503 502 503 501 503 503 503 507 507 506 505 510 509 511 513 515 517 521 523 524 527 530 528 524 519 514 506 501 496 495 496 496 496 494 494 496 497 499 497 496 495 495 494 492 492 493 491 491 490 489 488 -1.7e+308
-1.7e+308 -1.7e+308 -1.7e+308 507 505 504 504 499 498 504 506 505 506 505 505 504 506 503 505 505 507 509 510 508 510 512 512 516 518 522 524 528 529 532 534 537 538 533 526 520 513 507 502 497 494 494 494 494 495 497 498 498 497 494 493 492 491 489 488 489 488 488 488 490 490 486
-1.7e+308 -1.7e+308 -1.7e+308 -1.7e+308 -1.7e+308 497 499 499 497 501 505 506 508 510 508 507 508 509 511 513 513 512 512 513 514 516 518 521 523 527 530 533 535 536 537 540 540 538 534 528 521 514 509 505 501 498 493 492 493 494 497 496 494 494 491 490 489 488 486 485 485 486 485 486 486 483
-1.7e+308 -1.7e+308 -1.7e+308 -1.7e+308 -1.7e+308 -1.7e+308 497 498 497 499 505 507 508 510 507 509 512 513 512 512 512 515 516 517 520 522 524 527 529 532 532 535 537 540 540 541 542 539 535 530 524 519 515 510 506 504 499 496 493 493 494 493 494 495 492 490 489 488 483 482 483 484 484 483 483 481
-1.7e+308 -1.7e+308 -1.7e+308 -1.7e+308 -1.7e+308 497 500 502 501 502 505 510 511 510 510 513 515 514 515 518 520 522 523 525 526 527 527 531 533 534 535 539 541 542 543 544 545 543 539 534 530 525 522 517 514 512 510 508 505 504 501 502 500 500 498 495 490 490 483 482 483 481 479 480 479 482
-1.7e+308 -1.7e+308 -1.7e+308 -1.7e+308 -1.7e+308 495 497 499 502 502 503 -1.7e+308 510 509 509 511 513 516 519 520 522 524 525 526 527 528 528 531 534 534 536 540 540 543 543 545 544 543 541 537 534 529 526 525 522 520 516 513 511 511 510 509 507 507 504 500 496 494 490 489 487 485 482 480 482 484
-1.7e+308 -1.7e+308 -1.7e+308 -1.7e+308 495 497 496 500 505 508 510 -1.7e+308 -1.7e+308 513 -1.7e+308 516 520 522 524 525 526 528 528 530 530 532 531 532 534 536 539 541 542 545 545 546 545 545 544 541 538 534 532 530 528 527 524 522 518 518 517 516 516 516 513 511 507 503 500 497 494 493 490 490 491 491
-1.7e+308 -1.7e+308 -1.7e+308 -1.7e+308 -1.7e+308 492 491 497 502 507 510 -1.7e+308 -1.7e+308 512 -1.7e+308 -1.7e+308 519 521 523 525 525 528 528 529 529 530 529 -1.7e+308 533 536 538 541 -1.7e+308 541 543 544 544 543 543 540 539 536 536 533 532 530 528 527 525 524 523 525 525 523 521 518 514 511 506 504 501 499 496 498 499 498
-1.7e+308 -1.7e+308 -1.7e+308 -1.7e+308 -1.7e+308 -1.7e+308 -1.7e+308 498 504 508 510 -1.7e+308 -1.7e+308 -1.7e+308 -1.7e+308 -1.7e+308 521 523 525 525 527 530 531 532 532 532 -1.7e+308 -1.7e+308 -1.7e+308 -1.7e+308 -1.7e+308 -1.7e+308 -1.7e+308 -1.7e+308 -1.7e+308 545 546 546 545 544 542 541 539 539 538 537 534 533 532 531 532 534 534 533 530 527 523 521 515 513 509 507 505 507 507 505
-1.7e+308 -1.7e+308 -1.7e+308 -1.7e+308 -1.7e+308 494 494 498 500 -1.7e+308 -1.7e+308 -1.7e+308 -1.7e+308 515 515 518 -1.7e+308 -1.7e+308 -1.7e+308 -1.7e+308 -1.7e+308 527 529 -1.7e+308 531 -1.7e+308 -1.7e+308 534 536 539 -1.7e+308 542 543 544 -1.7e+308 -1.7e+308 545 545 545 544 543 543 542 542 540 539 537 537 537 535 536 538 538 537 535 534 529 527 523 519 515 514 513 514 513 513
-1.7e+308 -1.7e+308 -1.7e+308 -1.7e+308 -1.7e+308 497 498 501 502 -1.7e+308 509 -1.7e+308 -1.7e+308 -1.7e+308 517 -1.7e+308 -1.7e+308 -1.7e+308 -1.7e+308 -1.7e+308 -1.7e+308 -1.7e+308 -1.7e+308 -1.7e+308 -1.7e+308 -1.7e+308 -1.7e+308 -1.7e+308 -1.7e+308 -1.7e+308 -1.7e+308 -1.7e+308 -1.7e+308 547 548 548 548 548 547 549 547 547 546 545 544 543 542 543 541 541 542 544 544 543 542 541 539 536 532 530 527 525 523 524 522 522
-1.7e+308 -1.7e+308 -1.7e+308 495 -1.7e+308 -1.7e+308 496 -1.7e+308 -1.7e+308 -1.7e+308 -1.7e+308 -1.7e+308 -1.7e+308 -1.7e+308 -1.7e+308 -1.7e+308 -1.7e+308 -1.7e+308 -1.7e+308 -1.7e+308 -1.7e+308 -1.7e+308 -1.7e+308 -1.7e+308 -1.7e+308 -1.7e+308 -1.7e+308 -1.7e+308 -1.7e+308 -1.7e+308 -1.7e+308 -1.7e+308 -1.7e+308 -1.7e+308 -1.7e+308 -1.7e+308 548 547 547 548 546 546 545 544 543 545 545 543 542 543 543 545 545 548 548 547 545 545 542 539 536 533 531 531 530 529
-1.7e+308 -1.7e+308 -1.7e+308 -1.7e+308 -1.7e+308 -1.7e+308 -1.7e+308 -1.7e+308 -1.7e+308 -1.7e+308 -1.7e+308 -1.7e+308 -1.7e+308 -1.7e+308 -1.7e+308 -1.7e+308 -1.7e+308 -1.7e+308 -1.7e+308 -1.7e+308 -1.7e+308 -1.7e+308 -1.7e+308 -1.7e+308 -1.7e+308 -1.7e+308 -1.7e+308 -1.7e+308 -1.7e+308 -1.7e+308 -1.7e+308 -1.7e+308 -1.7e+308 -1.7e+308 -1.7e+308 -1.7e+308 -1.7e+308 -1.7e+308 -1.7e+308 549 549 550 548 -1.7e+308 -1.7e+308 548 548 547 545 547 547 549 551 554 555 556 556 556 554 551 548 545 543 541 540 539
-1.7e+308 -1.7e+308 -1.7e+308 -1.7e+308 -1.7e+308 -1.7e+308 -1.7e+308 -1.7e+308 -1.7e+308 -1.7e+308 -1.7e+308 -1.7e+308 -1.7e+308 -1.7e+308 -1.7e+308 -1.7e+308 -1.7e+308 -1.7e+308 -1.7e+308 -1.7e+308 -1.7e+308 -1.7e+308 -1.7e+308 -1.7e+308 -1.7e+308 -1.7e+308 -1.7e+308 -1.7e+308 -1.7e+308 -1.7e+308 -1.7e+308 -1.7e+308 -1.7e+308 -1.7e+308 -1.7e+308 -1.7e+308 -1.7e+308 -1.7e+308 -1.7e+308 -1.7e+308 -1.7e+308 549 548 547 547 -1.7e+308 -1.7e+308 548 546 548 548 550 553 556 558 562 563 564 562 561 557 554 552 549 547 545
-1.7e+308 -1.7e+308 -1.7e+308 -1.7e+308 -1.7e+308 -1.7e+308 -1.7e+308 -1.7e+308 -1.7e+308 -1.7e+308 -1.7e+308 -1.7e+308 -1.7e+308 -1.7e+308 -1.7e+308 -1.7e+308 -1.7e+308 -1.7e+308 -1.7e+308 -1.7e+308 -1.7e+308 -1.7e+308 -1.7e+308 -1.7e+308 -1.7e+308 -1.7e+308 -1.7e+308 -1.7e+308 -1.7e+308 -1.7e+308 -1.7e+308 -1.7e+308 -1.7e+308 -1.7e+308 -1.7e+308 -1.7e+308 -1.7e+308 -1.7e+308 -1.7e+308 -1.7e+308 -1.7e+308 -1.7e+308 -1.7e+308 549 549 -1.7e+308 550 549 547 548 549 553 556 560 564 570 574 577 575 574 570 565 561 559 555 553
-1.7e+308 -1.7e+308 -1.7e+308 -1.7e+308 -1.7e+308 -1.7e+308 -1.7e+308 -1.7e+308 -1.7e+308 -1.7e+308 -1.7e+308 -1.7e+308 -1.7e+308 -1.7e+308 -1.7e+308 -1.7e+308 -1.7e+308 -1.7e+308 -1.7e+308 -1.7e+308 -1.7e+308 -1.7e+308 -1.7e+308 -1.7e+308 -1.7e+308 -1.7e+308 -1.7e+308 -1.7e+308 -1.7e+308 -1.7e+308 -1.7e+308 -1.7e+308 -1.7e+308 -1.7e+308 -1.7e+308 -1.7e+308 -1.7e+308 -1.7e+308 -1.7e+308 -1.7e+308 -1.7e+308 -1.7e+308 -1.7e+308 -1.7e+308 -1.7e+308 546 -1.7e+308 545 542 542 544 550 556 562 568 574 579 584 585 582 577 573 568 565 562 558
-1.7e+308 -1.7e+308 -1.7e+308 -1.7e+308 -1.7e+308 -1.7e+308 -1.7e+308 -1.7e+308 -1.7e+308 -1.7e+308 -1.7e+308 -1.7e+308 -1.7e+308 -1.7e+308 -1.7e+308 -1.7e+308 -1.7e+308 -1.7e+308 -1.7e+308 -1.7e+308 -1.7e+308 -1.7e+308 -1.7e+308 -1.7e+308 -1.7e+308 -1.7e+308 -1.7e+308 -1.7e+308 -1.7e+308 -1.7e+308 -1.7e+308 -1.7e+308 -1.7e+308 -1.7e+308 -1.7e+308 -1.7e+308 -1.7e+308 -1.7e+308 -1.7e+308 -1.7e+308 -1.7e+308 -1.7e+308 -1.7e+308 -1.7e+308 -1.7e+308 -1.7e+308 -1.7e+308 541 -1.7e+308 -1.7e+308 544 551 558 566 572 579 586 593 596 592 585 581 576 571 568 566
-1.7e+308 -1.7e+308 -1.7e+308 -1.7e+308 -1.7e+308 -1.7e+308 -1.7e+308 -1.7e+308 -1.7e+308 -1.7e+308 -1.7e+308 -1.7e+308 -1.7e+308 -1.7e+308 -1.7e+308 -1.7e+308 -1.7e+308 -1.7e+308 -1.7e+308 -1.7e+308 -1.7e+308 -1.7e+308 -1.7e+308 -1.7e+308 -1.7e+308 -1.7e+308 -1.7e+308 -1.7e+308 -1.7e+308 -1.7e+308 -1.7e+308 -1.7e+308 -1.7e+308 -1.7e+308 -1.7e+308 -1.7e+308 -1.7e+308 -1.7e+308 -1.7e+308 -1.7e+308 -1.7e+308 -1.7e+308 -1.7e+308 -1.7e+308 -1.7e+308 -1.7e+308 -1.7e+308 -1.7e+308 531 534 -1.7e+308 549 -1.7e+308 564 570 579 586 593 595 592 588 583 579 575 572 569
-1.7e+308 -1.7e+308 -1.7e+308 -1.7e+308 -1.7e+308 -1.7e+308 -1.7e+308 -1.7e+308 -1.7e+308 -1.7e+308 -1.7e+308 -1.7e+308 -1.7e+308 -1.7e+308 -1.7e+308 -1.7e+308 -1.7e+308 -1.7e+308 -1.7e+308 -1.7e+308 -1.7e+308 -1.7e+308 -1.7e+308 -1.7e+308 -1.7e+308 -1.7e+308 -1.7e+308 -1.7e+308 -1.7e+308 -1.7e+308 -1.7e+308 -1.7e+308 -1.7e+308 -1.7e+308 -1.7e+308 -1.7e+308 -1.7e+308 -1.7e+308 -1.7e+308 -1.7e+308 -1.7e+308 -1.7e+308 -1.7e+308 -1.7e+308 -1.7e+308 -1.7e+308 -1.7e+308 -1.7e+308 -1.7e+308 -1.7e+308 544 551 -1.7e+308 567 573 582 587 593 595 593 591 587 584 581 578 574
-1.7e+308 -1.7e+308 -1.7e+308 -1.7e+308 -1.7e+308 -1.7e+308 -1.7e+308 -1.7e+308 -1.7e+308 -1.7e+308 -1.7e+308 -1.7e+308 -1.7e+308 -1.7e+308 -1.7e+308 -1.7e+308 -1.7e+308 -1.7e+308 -1.7e+308 -1.7e+308 -1.7e+308 -1.7e+308 -1.7e+308 -1.7e+308 -1.7e+308 -1.7e+308 -1.7e+308 -1.7e+308 -1.7e+308 -1.7e+308 -1.7e+308 -1.7e+308 -1.7e+308 -1.7e+308 -1.7e+308 -1.7e+308 -1.7e+308 -1.7e+308 -1.7e+308 -1.7e+308 -1.7e+308 -1.7e+308 -1.7e+308 -1.7e+308 -1.7e+308 -1.7e+308 -1.7e+308 -1.7e+308 -1.7e+308 -1.7e+308 -1.7e+308 551 557 564 571 578 583 589 590 592 590 588 585 582 579 577
-1.7e+308 -1.7e+308 -1.7e+308 -1.7e+308 -1.7e+308 -1.7e+308 -1.7e+308 -1.7e+308 -1.7e+308 -1.7e+308 -1.7e+308 -1.7e+308 -1.7e+308 -1.7e+308 -1.7e+308 -1.7e+308 -1.7e+308 -1.7e+308 -1.7e+308 -1.7e+308 -1.7e+308 -1.7e+308 -1.7e+308 -1.7e+308 -1.7e+308 -1.7e+308 -1.7e+308 -1.7e+308 -1.7e+308 -1.7e+308 -1.7e+308 -1.7e+308 -1.7e+308 -1.7e+308 -1.7e+308 -1.7e+308 -1.7e+308 -1.7e+308 -1.7e+308 -1.7e+308 -1.7e+308 -1.7e+308 -1.7e+308 -1.7e+308 -1.7e+308 -1.7e+308 -1.7e+308 -1.7e+308 -1.7e+308 -1.7e+308 -1.7e+308 -1.7e+308 -1.7e+308 568 573 578 584 589 590 592 590 590 588 585 583 581
-1.7e+308 -1.7e+308 -1.7e+308 -1.7e+308 -1.7e+308 -1.7e+308 -1.7e+308 -1.7e+308 -1.7e+308 -1.7e+308 -1.7e+308 -1.7e+308 -1.7e+308 -1.7e+308 -1.7e+308 -1.7e+308 -1.7e+308 -1.7e+308 -1.7e+308 -1.7e+308 -1.7e+308 -1.7e+308 -1.7e+308 -1.7e+308 -1.7e+308 -1.7e+308 -1.7e+308 -1.7e+308 -1.7e+308 -1.7e+308 -1.7e+308 -1.7e+308 -1.7e+308 -1.7e+308 -1.7e+308 -1.7e+308 -1.7e+308 -1.7e+308 -1.7e+308 -1.7e+308 -1.7e+308 -1.7e+308 -1.7e+308 -1.7e+308 -1.7e+308 -1.7e+308 -1.7e+308 -1.7e+308 -1.7e+308 -1.7e+308 -1.7e+308 -1.7e+308 -1.7e+308 -1.7e+308 571 576 580 584 586 588 588 587 585 585 583 582
-1.7e+308 -1.7e+308 -1.7e+308 -1.7e+308 -1.7e+308 -1.7e+308 -1.7e+308 -1.7e+308 -1.7e+308 -1.7e+308 -1.7e+308 -1.7e+308 -1.7e+308 -1.7e+308 -1.7e+308 -1.7e+308 -1.7e+308 -1.7e+308 -1.7e+308 -1.7e+308 -1.7e+308 -1.7e+308 -1.7e+308 -1.7e+308 -1.7e+308 -1.7e+308 -1.7e+308 -1.7e+308 -1.7e+308 -1.7e+308 -1.7e+308 -1.7e+308 -1.7e+308 -1.7e+308 -1.7e+308 -1.7e+308 -1.7e+308 -1.7e+308 -1.7e+308 -1.7e+308 -1.7e+308 -1.7e+308 -1.7e+308 -1.7e+308 -1.7e+308 -1.7e+308 -1.7e+308 -1.7e+308 -1.7e+308 -1.7e+308 -1.7e+308 -1.7e+308 -1.7e+308 -1.7e+308 -1.7e+308 577 580 584 585 588 588 589 588 587 585 584
-1.7e+308 -1.7e+308 -1.7e+308 -1.7e+308 -1.7e+308 -1.7e+308 -1.7e+308 -1.7e+308 -1.7e+308 -1.7e+308 -1.7e+308 -1.7e+308 -1.7e+308 -1.7e+308 -1.7e+308 -1.7e+308 -1.7e+308 -1.7e+308 -1.7e+308 -1.7e+308 -1.7e+308 -1.7e+308 -1.7e+308 -1.7e+308 -1.7e+308 -1.7e+308 -1.7e+308 -1.7e+308 -1.7e+308 -1.7e+308 -1.7e+308 -1.7e+308 -1.7e+308 -1.7e+308 -1.7e+308 -1.7e+308 -1.7e+308 -1.7e+308 -1.7e+308 -1.7e+308 -1.7e+308 -1.7e+308 -1.7e+308 -1.7e+308 -1.7e+308 -1.7e+308 -1.7e+308 -1.7e+308 -1.7e+308 -1.7e+308 -1.7e+308 -1.7e+308 -1.7e+308 -1.7e+308 -1.7e+308 -1.7e+308 577 580 581 584 585 585 585 585 583 583
