MaxEnt_Example/FutureLayers/bio17.asc
NCOLS 182 
NROWS 155 
XLLCORNER -87.625 
YLLCORNER 24.5416666666667 
CELLSIZE 0.0416666666666666 
NODATA_value -1.7e+308 
[rows 0 to 28 of 155, columns 66 to 131 of 182]
-1.7e+308 -1.7e+308 -1.7e+308 -1.7e+308 -1.7e+308 -1.7e+308 -1.7e+308 -1.7e+308 -1.7e+308 -1.7e+308 -1.7e+308 -1.7e+308 -1.7e+308 -1.7e+308 -1.7e+308 -1.7e+308 -1.7e+308 -1.7e+308 -1.7e+308 -1.7e+308 -1.7e+308 -1.7e+308 -1.7e+308 -1.7e+308 -1.7e+308 -1.7e+308 -1.7e+308 -1.7e+308 -1.7e+308 -1.7e+308 -1.7e+308 -1.7e+308 -1.7e+308 -1.7e+308 -1.7e+308 -1.7e+308 -1.7e+308 -1.7e+308 -1.7e+308 -1.7e+308 -1.7e+308 -1.7e+308 -1.7e+308 -1.7e+308 -1.7e+308 -1.7e+308 -1.7e+308 -1.7e+308 -1.7e+308 -1.7e+308 -1.7e+308 -1.7e+308 -1.7e+308 -1.7e+308 -1.7e+308 -1.7e+308 -1.7e+308 -1.7e+308 -1.7e+308 -1.7e+308 -1.7e+308 -1.7e+308 -1.7e+308 -1.7e+308 -1.7e+308 -1.7e+308
-1.7e+308 -1.7e+308 -1.7e+308 -1.7e+308 -1.7e+308 -1.7e+308 -1.7e+308 -1.7e+308 -1.7e+308 -1.7e+308 -1.7e+308 -1.7e+308 -1.7e+308 -1.7e+308 -1.7e+308 -1.7e+308 -1.7e+308 -1.7e+308 -1.7e+308 -1.7e+308 -1.7e+308 -1.7e+308 -1.7e+308 -1.7e+308 -1.7e+308 -1.7e+308 -1.7e+308 -1.7e+308 -1.7e+308 -1.7e+308 -1.7e+308 -1.7e+308 -1.7e+308 -1.7e+308 -1.7e+308 -1.7e+308 -1.7e+308 -1.7e+308 -1.7e+308 -1.7e+308 -1.7e+308 -1.7e+308 -1.7e+308 -1.7e+308 -1.7e+308 -1.7e+308 -1.7e+308 -1.7e+308 -1.7e+308 -1.7e+308 -1.7e+308 -1.7e+308 -1.7e+308 -1.7e+308 -1.7e+308 -1.7e+308 -1.7e+308 -1.7e+308 -1.7e+308 -1.7e+308 -1.7e+308 -1.7e+308 -1.7e+308 -1.7e+308 -1.7e+308 -1.7e+308
-1.7e+308 -1.7e+308 -1.7e+308 -1.7e+308 -1.7e+308 -1.7e+308 -1.7e+308 -1.7e+308 -1.7e+308 -1.7e+308 -1.7e+308 -1.7e+308 -1.7e+308 -1.7e+308 -1.7e+308 -1.7e+308 -1.7e+308 -1.7e+308 -1.7e+308 -1.7e+308 -1.7e+308 -1.7e+308 -1.7e+308 -1.7e+308 -1.7e+308 -1.7e+308 -1.7e+308 -1.7e+308 -1.7e+308 -1.7e+308 -1.7e+308 -1.7e+308 -1.7e+308 -1.7e+308 -1.7e+308 -1.7e+308 -1.7e+308 -1.7e+308 -1.7e+308 -1.7e+308 -1.7e+308 -1.7e+308 -1.7e+308 -1.7e+308 -1.7e+308 -1.7e+308 -1.7e+308 -1.7e+308 -1.7e+308 -1.7e+308 -1.7e+308 -1.7e+308 -1.7e+308 -1.7e+308 -1.7e+308 -1.7e+308 -1.7e+308 -1.7e+308 -1.7e+308 -1.7e+308 -1.7e+308 -1.7e+308 -1.7e+308 -1.7e+308 -1.7e+308 -1.7e+308
-1.7e+308 -1.7e+308 -1.7e+308 -1.7e+308 -1.7e+308 -1.7e+308 -1.7e+308 -1.7e+308 -1.7e+308 -1.7e+308 -1.7e+308 -1.7e+308 -1.7e+308 -1.7e+308 -1.7e+308 -1.7e+308 -1.7e+308 -1.7e+308 -1.7e+308 -1.7e+308 -1.7e+308 -1.7e+308 -1.7e+308 -1.7e+308 -1.7e+308 -1.7e+308 -1.7e+308 -1.7e+308 -1.7e+308 -1.7e+308 -1.7e+308 -1.7e+308 -1.7e+308 -1.7e+308 -1.7e+308 -1.7e+308 -1.7e+308 -1.7e+308 -1.7e+308 -1.7e+308 -1.7e+308 -1.7e+308 -1.7e+308 -1.7e+308 -1.7e+308 -1.7e+308 -1.7e+308 -1.7e+308 -1.7e+308 -1.7e+308 -1.7e+308 -1.7e+308 -1.7e+308 -1.7e+308 -1.7e+308 -1.7e+308 -1.7e+308 -1.7e+308 -1.7e+308 -1.7e+308 -1.7e+308 -1.7e+308 -1.7e+308 -1.7e+308 -1.7e+308 -1.7e+308
-1.7e+308 -1.7e+308 -1.7e+308 -1.7e+308 -1.7e+308 -1.7e+308 -1.7e+308 -1.7e+308 -1.7e+308 -1.7e+308 -1.7e+308 -1.7e+308 -1.7e+308 -1.7e+308 -1.7e+308 -1.7e+308 -1.7e+308 -1.7e+308 -1.7e+308 -1.7e+308 -1.7e+308 -1.7e+308 -1.7e+308 -1.7e+308 -1.7e+308 -1.7e+308 -1.7e+308 -1.7e+308 -1.7e+308 -1.7e+308 -1.7e+308 -1.7e+308 -1.7e+308 -1.7e+308 -1.7e+308 -1.7e+308 -1.7e+308 -1.7e+308 -1.7e+308 -1.7e+308 -1.7e+308 -1.7e+308 -1.7e+308 -1.7e+308 -1.7e+308 -1.7e+308 -1.7e+308 -1.7e+308 -1.7e+308 -1.7e+308 -1.7e+308 -1.7e+308 -1.7e+308 -1.7e+308 -1.7e+308 -1.7e+308 -1.7e+308 -1.7e+308 -1.7e+308 -1.7e+308 -1.7e+308 -1.7e+308 -1.7e+308 -1.7e+308 -1.7e+308 -1.7e+308
-1.7e+308 -1.7e+308 -1.7e+308 -1.7e+308 -1.7e+308 -1.7e+308 -1.7e+308 -1.7e+308 -1.7e+308 -1.7e+308 -1.7e+308 -1.7e+308 -1.7e+308 -1.7e+308 -1.7e+308 -1.7e+308 -1.7e+308 -1.7e+308 -1.7e+308 -1.7e+308 -1.7e+308 -1.7e+308 -1.7e+308 -1.7e+308 -1.7e+308 -1.7e+308 -1.7e+308 -1.7e+308 -1.7e+308 -1.7e+308 -1.7e+308 -1.7e+308 -1.7e+308 -1.7e+308 -1.7e+308 -1.7e+308 -1.7e+308 -1.7e+308 -1.7e+308 -1.7e+308 -1.7e+308 -1.7e+308 -1.7e+308 -1.7e+308 -1.7e+308 -1.7e+308 -1.7e+308 -1.7e+308 -1.7e+308 -1.7e+308 -1.7e+308 -1.7e+308 -1.7e+308 -1.7e+308 -1.7e+308 -1.7e+308 -1.7e+308 -1.7e+308 -1.7e+308 -1.7e+308 -1.7e+308 -1.7e+308 -1.7e+308 -1.7e+308 -1.7e+308 -1.7e+308
-1.7e+308 -1.7e+308 -1.7e+308 -1.7e+308 -1.7e+308 -1.7e+308 -1.7e+308 -1.7e+308 -1.7e+308 -1.7e+308 -1.7e+308 -1.7e+308 -1.7e+308 -1.7e+308 -1.7e+308 -1.7e+308 -1.7e+308 -1.7e+308 -1.7e+308 -1.7e+308 -1.7e+308 -1.7e+308 -1.7e+308 -1.7e+308 -1.7e+308 -1.7e+308 -1.7e+308 -1.7e+308 -1.7e+308 -1.7e+308 -1.7e+308 -1.7e+308 -1.7e+308 -1.7e+308 -1.7e+308 -1.7e+308 -1.7e+308 -1.7e+308 -1.7e+308 -1.7e+308 -1.7e+308 -1.7e+308 -1.7e+308 -1.7e+308 -1.7e+308 -1.7e+308 -1.7e+308 -1.7e+308 -1.7e+308 -1.7e+308 -1.7e+308 -1.7e+308 -1.7e+308 -1.7e+308 -1.7e+308 -1.7e+308 -1.7e+308 -1.7e+308 -1.7e+308 -1.7e+308 -1.7e+308 -1.7e+308 -1.7e+308 -1.7e+308 -1.7e+308 -1.7e+308
298 299 301 300 299 298 298 298 299 297 297 299 297 -1.7e+308 -1.7e+308 -1.7e+308 -1.7e+308 -1.7e+308 -1.7e+308 -1.7e+308 -1.7e+308 -1.7e+308 -1.7e+308 -1.7e+308 -1.7e+308 -1.7e+308 -1.7e+308 -1.7e+308 -1.7e+308 -1.7e+308 -1.7e+308 -1.7e+308 -1.7e+308 -1.7e+308 -1.7e+308 -1.7e+308 -1.7e+308 -1.7e+308 -1.7e+308 -1.7e+308 -1.7e+308 -1.7e+308 -1.7e+308 -1.7e+308 -1.7e+308 -1.7e+308 -1.7e+308 -1.7e+308 -1.7e+308 -1.7e+308 -1.7e+308 -1.7e+308 -1.7e+308 -1.7e+308 -1.7e+308 -1.7e+308 -1.7e+308 -1.7e+308 -1.7e+308 -1.7e+308 -1.7e+308 -1.7e+308 -1.7e+308 -1.7e+308 -1.7e+308 -1.7e+308
301 304 303 303 302 303 302 301 300 299 300 300 298 297 297 297 296 295 295 294 294 293 291 289 288 285 282 279 277 273 269 268 265 -1.7e+308 -1.7e+308 -1.7e+308 -1.7e+308 -1.7e+308 -1.7e+308 -1.7e+308 -1.7e+308 -1.7e+308 -1.7e+308 -1.7e+308 -1.7e+308 -1.7e+308 -1.7e+308 -1.7e+308 -1.7e+308 -1.7e+308 -1.7e+308 -1.7e+308 -1.7e+308 -1.7e+308 -1.7e+308 -1.7e+308 -1.7e+308 -1.7e+308 -1.7e+308 -1.7e+308 -1.7e+308 -1.7e+308 -1.7e+308 -1.7e+308 -1.7e+308 -1.7e+308
306 304 304 304 303 304 302 301 300 301 302 301 299 299 298 300 299 299 298 298 296 294 294 293 291 288 284 281 278 275 270 269 267 265 261 257 255 250 248 246 246 246 245 245 246 246 246 247 246 246 -1.7e+308 -1.7e+308 -1.7e+308 -1.7e+308 -1.7e+308 -1.7e+308 -1.7e+308 -1.7e+308 -1.7e+308 -1.7e+308 -1.7e+308 -1.7e+308 -1.7e+308 -1.7e+308 -1.7e+308 -1.7e+308
308 308 307 305 305 306 305 304 303 304 304 303 302 303 304 303 301 301 301 300 299 297 297 297 294 289 286 283 279 277 273 271 268 266 263 259 256 253 250 250 250 249 248 248 247 248 248 248 248 247 247 246 245 244 244 243 241 240 240 240 238 239 238 238 -1.7e+308 -1.7e+308
308 308 307 307 307 306 306 306 305 306 307 303 304 305 306 305 302 302 301 300 300 300 301 300 295 289 286 283 280 278 275 271 270 266 264 261 258 254 252 252 251 249 249 249 248 251 251 249 248 247 247 245 245 244 243 241 241 240 239 239 238 238 237 -1.7e+308 -1.7e+308 -1.7e+308
311 309 309 310 309 309 308 307 307 307 307 309 309 309 309 307 305 304 302 302 302 302 301 300 296 291 287 285 281 279 276 272 270 268 266 262 260 257 255 253 252 250 250 250 251 252 252 250 248 247 246 245 245 243 242 242 240 240 239 238 238 237 237 236 -1.7e+308 -1.7e+308
311 310 309 310 309 309 309 307 308 308 309 311 310 310 309 308 305 303 301 303 303 303 301 300 294 291 288 285 282 280 275 273 271 268 266 262 260 258 256 253 253 251 251 250 251 252 252 248 248 246 246 245 244 242 241 240 239 239 238 238 237 236 236 234 -1.7e+308 -1.7e+308
312 312 311 312 311 310 310 311 311 313 312 313 311 310 310 308 307 307 304 303 304 303 301 298 294 291 288 285 281 279 275 274 271 270 266 264 262 258 257 255 254 251 251 251 252 251 250 248 248 245 245 244 243 243 241 240 239 238 238 237 236 235 234 233 -1.7e+308 -1.7e+308
313 312 311 312 312 312 311 312 312 313 313 313 311 311 308 306 305 305 303 301 300 299 297 295 293 289 287 284 281 278 275 273 270 268 266 264 262 259 257 255 254 252 250 251 252 251 250 246 245 243 243 242 241 241 240 239 238 237 236 235 235 233 231 231 230 230
318 317 314 313 314 314 314 313 314 314 314 313 311 309 309 309 306 305 302 301 300 298 295 294 292 288 286 284 281 278 275 273 271 268 266 264 262 259 257 255 254 253 252 251 250 250 249 247 245 244 243 242 242 241 241 239 238 236 236 235 235 234 232 229 229 229
319 318 316 314 315 314 314 315 313 313 313 312 310 309 308 308 306 304 302 300 298 297 293 292 290 287 284 281 280 276 273 272 270 268 265 263 261 258 256 254 254 252 251 249 249 247 247 246 245 244 242 242 241 240 240 239 238 236 235 235 234 232 231 229 228 228
322 320 319 317 316 317 316 315 315 314 313 313 311 310 309 308 305 303 302 299 297 296 294 292 289 285 283 280 278 276 274 272 269 267 265 262 260 258 256 256 254 252 250 248 247 247 246 246 246 244 243 242 242 241 240 238 237 235 234 233 233 232 230 227 227 227
323 321 320 319 316 317 316 315 315 314 312 311 310 310 309 306 304 302 301 297 296 295 293 290 287 284 282 278 276 274 272 269 267 266 263 261 259 257 255 254 252 250 248 247 245 244 243 244 242 241 241 240 239 239 239 238 237 235 234 233 232 230 229 227 227 227
324 323 322 319 317 318 317 315 315 314 313 313 311 309 308 306 303 302 300 298 296 295 291 289 287 283 281 278 274 272 270 268 265 264 263 262 260 257 256 253 250 249 247 244 243 242 242 240 240 239 238 238 237 236 236 237 236 235 234 232 231 231 230 229 227 228
325 323 321 320 318 317 317 315 315 314 312 312 310 308 306 304 301 299 298 297 294 292 291 288 284 281 279 276 273 270 268 264 264 263 262 260 257 256 255 251 249 248 244 242 240 239 237 236 236 235 235 235 235 234 235 234 233 232 231 230 230 230 229 229 226 228
326 324 322 321 320 319 318 316 315 313 312 311 -1.7e+308 -1.7e+308 -1.7e+308 -1.7e+308 -1.7e+308 -1.7e+308 -1.7e+308 -1.7e+308 -1.7e+308 -1.7e+308 288 286 284 282 278 276 273 270 267 265 264 263 261 260 257 255 253 251 248 246 243 240 238 234 233 233 232 232 232 232 233 233 234 234 233 231 230 230 230 230 230 229 228 227
326 324 322 321 320 317 316 314 313 311 310 309 -1.7e+308 -1.7e+308 -1.7e+308 -1.7e+308 -1.7e+308 -1.7e+308 -1.7e+308 -1.7e+308 -1.7e+308 -1.7e+308 -1.7e+308 -1.7e+308 282 279 277 274 271 268 267 264 262 262 260 258 255 253 251 247 245 242 239 236 232 230 228 227 227 227 228 228 230 229 231 231 231 230 229 230 229 229 227 227 227 226
327 325 324 321 319 317 316 315 313 312 -1.7e+308 -1.7e+308 307 -1.7e+308 -1.7e+308 -1.7e+308 -1.7e+308 -1.7e+308 -1.7e+308 -1.7e+308 -1.7e+308 -1.7e+308 -1.7e+308 -1.7e+308 -1.7e+308 -1.7e+308 276 274 271 268 266 265 263 261 260 257 255 252 249 245 242 239 235 231 228 225 224 223 223 224 224 226 227 228 230 230 231 231 231 230 229 228 227 228 227 227
325 325 324 319 318 317 315 314 313 312 311 308 306 -1.7e+308 -1.7e+308 -1.7e+308 -1.7e+308 -1.7e+308 -1.7e+308 -1.7e+308 -1.7e+308 -1.7e+308 -1.7e+308 -1.7e+308 -1.7e+308 -1.7e+308 -1.7e+308 -1.7e+308 269 267 265 265 262 260 258 256 252 250 246 241 237 234 228 225 222 220 218 218 219 220 221 223 225 226 228 229 229 229 229 228 228 228 228 228 227 227
326 325 322 320 319 317 315 315 -1.7e+308 -1.7e+308 -1.7e+308 -1.7e+308 -1.7e+308 -1.7e+308 -1.7e+308 -1.7e+308 -1.7e+308 -1.7e+308 -1.7e+308 -1.7e+308 -1.7e+308 -1.7e+308 -1.7e+308 -1.7e+308 -1.7e+308 -1.7e+308 -1.7e+308 -1.7e+308 -1.7e+308 267 265 264 261 259 258 255 251 248 244 239 234 228 223 219 216 214 213 212 214 216 218 220 223 226 227 228 229 229 229 228 228 227 227 227 227 227
323 322 321 319 317 316 -1.7e+308 -1.7e+308 -1.7e+308 -1.7e+308 -1.7e+308 -1.7e+308 -1.7e+308 -1.7e+308 -1.7e+308 -1.7e+308 -1.7e+308 -1.7e+308 -1.7e+308 -1.7e+308 -1.7e+308 -1.7e+308 -1.7e+308 -1.7e+308 -1.7e+308 -1.7e+308 -1.7e+308 -1.7e+308 -1.7e+308 -1.7e+308 264 263 260 258 256 254 250 246 242 236 229 222 216 212 208 206 206 207 209 211 215 218 221 225 227 228 228 228 228 228 227 226 227 227 228 228
-1.7e+308 319 320 320 -1.7e+308 -1.7e+308 -1.7e+308 -1.7e+308 -1.7e+308 -1.7e+308 -1.7e+308 -1.7e+308 -1.7e+308 -1.7e+308 -1.7e+308 -1.7e+308 -1.7e+308 -1.7e+308 -1.7e+308 -1.7e+308 -1.7e+308 -1.7e+308 -1.7e+308 -1.7e+308 -1.7e+308 -1.7e+308 -1.7e+308 -1.7e+308 -1.7e+308 -1.7e+308 -1.7e+308 261 259 257 255 253 250 247 241 233 225 216 209 202 199 198 199 202 204 208 212 216 220 223 226 227 229 228 228 228 228 228 229 228 228 229
