MaxEnt_Example/FutureLayers/bio12.asc
NCOLS 182 
NROWS 155 
XLLCORNER -87.625 
YLLCORNER 24.5416666666667 
CELLSIZE 0.0416666666666666 
NODATA_value -1.7e+308 
[rows 0 to 27 of 155, columns 65 to 129 of 182]
-1.7e+308 -1.7e+308 -1.7e+308 -1.7e+308 -1.7e+308 -1.7e+308 -1.7e+308 -1.7e+308 -1.7e+308 -1.7e+308 -1.7e+308 -1.7e+308 -1.7e+308 -1.7e+308 -1.7e+308 -1.7e+308 -1.7e+308 -1.7e+308 -1.7e+308 -1.7e+308 -1.7e+308 -1.7e+308 -1.7e+308 -1.7e+308 -1.7e+308 -1.7e+308 -1.7e+308 -1.7e+308 -1.7e+308 -1.7e+308 -1.7e+308 -1.7e+308 -1.7e+308 -1.7e+308 -1.7e+308 -1.7e+308 -1.7e+308 -1.7e+308 -1.7e+308 -1.7e+308 -1.7e+308 -1.7e+308 -1.7e+308 -1.7e+308 -1.7e+308 -1.7e+308 -1.7e+308 -1.7e+308 -1.7e+308 -1.7e+308 -1.7e+308 -1.7e+308 -1.7e+308 -1.7e+308 -1.7e+308 -1.7e+308 -1.7e+308 -1.7e+308 -1.7e+308 -1.7e+308 -1.7e+308 -1.7e+308 -1.7e+308 -1.7e+308 -1.7e+308
-1.7e+308 -1.7e+308 -1.7e+308 -1.7e+308 -1.7e+308 -1.7e+308 -1.7e+308 -1.7e+308 -1.7e+308 -1.7e+308 -1.7e+308 -1.7e+308 -1.7e+308 -1.7e+308 -1.7e+308 -1.7e+308 -1.7e+308 -1.7e+308 -1.7e+308 -1.7e+308 -1.7e+308 -1.7e+308 -1.7e+308 -1.7e+308 -1.7e+308 -1.7e+308 -1.7e+308 -1.7e+308 -1.7e+308 -1.7e+308 -1.7e+308 -1.7e+308 -1.7e+308 -1.7e+308 -1.7e+308 -1.7e+308 -1.7e+308 -1.7e+308 -1.7e+308 -1.7e+308 -1.7e+308 -1.7e+308 -1.7e+308 -1.7e+308 -1.7e+308 -1.7e+308 -1.7e+308 -1.7e+308 -1.7e+308 -1.7e+308 -1.7e+308 -1.7e+308 -1.7e+308 -1.7e+308 -1.7e+308 -1.7e+308 -1.7e+308 -1.7e+308 -1.7e+308 -1.7e+308 -1.7e+308 -1.7e+308 -1.7e+308 -1.7e+308 -1.7e+308
-1.7e+308 -1.7e+308 -1.7e+308 -1.7e+308 -1.7e+308 -1.7e+308 -1.7e+308 -1.7e+308 -1.7e+308 -1.7e+308 -1.7e+308 -1.7e+308 -1.7e+308 -1.7e+308 -1.7e+308 -1.7e+308 -1.7e+308 -1.7e+308 -1.7e+308 -1.7e+308 -1.7e+308 -1.7e+308 -1.7e+308 -1.7e+308 -1.7e+308 -1.7e+308 -1.7e+308 -1.7e+308 -1.7e+308 -1.7e+308 -1.7e+308 -1.7e+308 -1.7e+308 -1.7e+308 -1.7e+308 -1.7e+308 -1.7e+308 -1.7e+308 -1.7e+308 -1.7e+308 -1.7e+308 -1.7e+308 -1.7e+308 -1.7e+308 -1.7e+308 -1.7e+308 -1.7e+308 -1.7e+308 -1.7e+308 -1.7e+308 -1.7e+308 -1.7e+308 -1.7e+308 -1.7e+308 -1.7e+308 -1.7e+308 -1.7e+308 -1.7e+308 -1.7e+308 -1.7e+308 -1.7e+308 -1.7e+308 -1.7e+308 -1.7e+308 -1.7e+308
-1.7e+308 -1.7e+308 -1.7e+308 -1.7e+308 -1.7e+308 -1.7e+308 -1.7e+308 -1.7e+308 -1.7e+308 -1.7e+308 -1.7e+308 -1.7e+308 -1.7e+308 -1.7e+308 -1.7e+308 -1.7e+308 -1.7e+308 -1.7e+308 -1.7e+308 -1.7e+308 -1.7e+308 -1.7e+308 -1.7e+308 -1.7e+308 -1.7e+308 -1.7e+308 -1.7e+308 -1.7e+308 -1.7e+308 -1.7e+308 -1.7e+308 -1.7e+308 -1.7e+308 -1.7e+308 -1.7e+308 -1.7e+308 -1.7e+308 -1.7e+308 -1.7e+308 -1.7e+308 -1.7e+308 -1.7e+308 -1.7e+308 -1.7e+308 -1.7e+308 -1.7e+308 -1.7e+308 -1.7e+308 -1.7e+308 -1.7e+308 -1.7e+308 -1.7e+308 -1.7e+308 -1.7e+308 -1.7e+308 -1.7e+308 -1.7e+308 -1.7e+308 -1.7e+308 -1.7e+308 -1.7e+308 -1.7e+308 -1.7e+308 -1.7e+308 -1.7e+308
-1.7e+308 -1.7e+308 -1.7e+308 -1.7e+308 -1.7e+308 -1.7e+308 -1.7e+308 -1.7e+308 -1.7e+308 -1.7e+308 -1.7e+308 -1.7e+308 -1.7e+308 -1.7e+308 -1.7e+308 -1.7e+308 -1.7e+308 -1.7e+308 -1.7e+308 -1.7e+308 -1.7e+308 -1.7e+308 -1.7e+308 -1.7e+308 -1.7e+308 -1.7e+308 -1.7e+308 -1.7e+308 -1.7e+308 -1.7e+308 -1.7e+308 -1.7e+308 -1.7e+308 -1.7e+308 -1.7e+308 -1.7e+308 -1.7e+308 -1.7e+308 -1.7e+308 -1.7e+308 -1.7e+308 -1.7e+308 -1.7e+308 -1.7e+308 -1.7e+308 -1.7e+308 -1.7e+308 -1.7e+308 -1.7e+308 -1.7e+308 -1.7e+308 -1.7e+308 -1.7e+308 -1.7e+308 -1.7e+308 -1.7e+308 -1.7e+308 -1.7e+308 -1.7e+308 -1.7e+308 -1.7e+308 -1.7e+308 -1.7e+308 -1.7e+308 -1.7e+308
-1.7e+308 -1.7e+308 -1.7e+308 -1.7e+308 -1.7e+308 -1.7e+308 -1.7e+308 -1.7e+308 -1.7e+308 -1.7e+308 -1.7e+308 -1.7e+308 -1.7e+308 -1.7e+308 -1.7e+308 -1.7e+308 -1.7e+308 -1.7e+308 -1.7e+308 -1.7e+308 -1.7e+308 -1.7e+308 -1.7e+308 -1.7e+308 -1.7e+308 -1.7e+308 -1.7e+308 -1.7e+308 -1.7e+308 -1.7e+308 -1.7e+308 -1.7e+308 -1.7e+308 -1.7e+308 -1.7e+308 -1.7e+308 -1.7e+308 -1.7e+308 -1.7e+308 -1.7e+308 -1.7e+308 -1.7e+308 -1.7e+308 -1.7e+308 -1.7e+308 -1.7e+308 -1.7e+308 -1.7e+308 -1.7e+308 -1.7e+308 -1.7e+308 -1.7e+308 -1.7e+308 -1.7e+308 -1.7e+308 -1.7e+308 -1.7e+308 -1.7e+308 -1.7e+308 -1.7e+308 -1.7e+308 -1.7e+308 -1.7e+308 -1.7e+308 -1.7e+308
1615 -1.7e+308 -1.7e+308 -1.7e+308 -1.7e+308 -1.7e+308 -1.7e+308 -1.7e+308 -1.7e+308 -1.7e+308 -1.7e+308 -1.7e+308 -1.7e+308 -1.7e+308 -1.7e+308 -1.7e+308 -1.7e+308 -1.7e+308 -1.7e+308 -1.7e+308 -1.7e+308 -1.7e+308 -1.7e+308 -1.7e+308 -1.7e+308 -1.7e+308 -1.7e+308 -1.7e+308 -1.7e+308 -1.7e+308 -1.7e+308 -1.7e+308 -1.7e+308 -1.7e+308 -1.7e+308 -1.7e+308 -1.7e+308 -1.7e+308 -1.7e+308 -1.7e+308 -1.7e+308 -1.7e+308 -1.7e+308 -1.7e+308 -1.7e+308 -1.7e+308 -1.7e+308 -1.7e+308 -1.7e+308 -1.7e+308 -1.7e+308 -1.7e+308 -1.7e+308 -1.7e+308 -1.7e+308 -1.7e+308 -1.7e+308 -1.7e+308 -1.7e+308 -1.7e+308 -1.7e+308 -1.7e+308 -1.7e+308 -1.7e+308 -1.7e+308
1624 1624 1627 1637 1637 1633 1636 1637 1634 1642 1638 1637 1645 1640 -1.7e+308 -1.7e+308 -1.7e+308 -1.7e+308 -1.7e+308 -1.7e+308 -1.7e+308 -1.7e+308 -1.7e+308 -1.7e+308 -1.7e+308 -1.7e+308 -1.7e+308 -1.7e+308 -1.7e+308 -1.7e+308 -1.7e+308 -1.7e+308 -1.7e+308 -1.7e+308 -1.7e+308 -1.7e+308 -1.7e+308 -1.7e+308 -1.7e+308 -1.7e+308 -1.7e+308 -1.7e+308 -1.7e+308 -1.7e+308 -1.7e+308 -1.7e+308 -1.7e+308 -1.7e+308 -1.7e+308 -1.7e+308 -1.7e+308 -1.7e+308 -1.7e+308 -1.7e+308 -1.7e+308 -1.7e+308 -1.7e+308 -1.7e+308 -1.7e+308 -1.7e+308 -1.7e+308 -1.7e+308 -1.7e+308 -1.7e+308 -1.7e+308
1633 1638 1648 1648 1649 1649 1652 1650 1648 1645 1643 1651 1656 1651 1643 1642 1638 1633 1631 1627 1622 1615 1617 1608 1600 1596 1586 1577 1568 1563 1554 1543 1536 1530 -1.7e+308 -1.7e+308 -1.7e+308 -1.7e+308 -1.7e+308 -1.7e+308 -1.7e+308 -1.7e+308 -1.7e+308 -1.7e+308 -1.7e+308 -1.7e+308 -1.7e+308 -1.7e+308 -1.7e+308 -1.7e+308 -1.7e+308 -1.7e+308 -1.7e+308 -1.7e+308 -1.7e+308 -1.7e+308 -1.7e+308 -1.7e+308 -1.7e+308 -1.7e+308 -1.7e+308 -1.7e+308 -1.7e+308 -1.7e+308 -1.7e+308
1652 1661 1658 1659 1660 1658 1664 1657 1655 1656 1657 1664 1664 1657 1656 1654 1657 1649 1648 1641 1643 1628 1622 1619 1610 1606 1601 1589 1579 1572 1563 1551 1544 1537 1535 1526 1518 1517 1507 1502 1506 1508 1511 1513 1512 1519 1524 1524 1527 1528 1527 -1.7e+308 -1.7e+308 -1.7e+308 -1.7e+308 -1.7e+308 -1.7e+308 -1.7e+308 -1.7e+308 -1.7e+308 -1.7e+308 -1.7e+308 -1.7e+308 -1.7e+308 -1.7e+308
1673 1672 1672 1668 1665 1669 1669 1669 1668 1664 1674 1677 1671 1671 1670 1674 1669 1660 1661 1653 1648 1642 1627 1626 1622 1617 1602 1598 1586 1578 1569 1558 1552 1544 1538 1529 1523 1519 1518 1513 1516 1519 1519 1522 1525 1523 1529 1534 1534 1534 1533 1532 1531 1529 1528 1529 1526 1526 1526 1526 1525 1523 1522 1522 1518
1680 1677 1676 1674 1678 1678 1675 1679 1679 1675 1688 1691 1682 1683 1683 1688 1680 1667 1669 1659 1654 1648 1643 1644 1640 1626 1609 1602 1593 1585 1578 1569 1560 1554 1544 1539 1533 1529 1525 1522 1522 1524 1524 1527 1528 1528 1540 1542 1539 1538 1535 1534 1532 1533 1530 1531 1530 1530 1529 1529 1527 1527 1527 1525 -1.7e+308
1685 1682 1679 1678 1683 1684 1684 1684 1685 1687 1694 1695 1701 1700 1703 1699 1690 1679 1675 1666 1658 1654 1653 1651 1646 1630 1621 1609 1601 1592 1586 1577 1569 1562 1555 1549 1545 1540 1533 1531 1529 1529 1527 1529 1531 1538 1538 1541 1540 1537 1535 1535 1533 1533 1529 1532 1532 1533 1530 1533 1531 1533 1528 1528 1522
1686 1686 1686 1686 1689 1688 1688 1689 1691 1698 1705 1708 1715 1710 1708 1707 1700 1686 1675 1667 1670 1665 1665 1658 1653 1634 1627 1618 1609 1602 1594 1585 1578 1571 1566 1558 1551 1545 1542 1539 1535 1535 1532 1535 1536 1539 1538 1540 1538 1537 1535 1535 1533 1533 1532 1533 1534 1534 1534 1535 1534 1535 1531 1534 1525
1694 1690 1688 1688 1691 1689 1689 1695 1701 1707 1716 1719 1725 1718 1712 1706 1701 1692 1688 1675 1671 1674 1671 1663 1652 1639 1632 1624 1616 1607 1601 1592 1586 1578 1574 1564 1559 1554 1548 1544 1542 1538 1535 1535 1536 1539 1537 1535 1533 1534 1531 1531 1529 1530 1531 1532 1532 1534 1533 1534 1534 1536 1534 1534 1528
1698 1695 1694 1691 1693 1695 1701 1705 1708 1711 1721 1725 1727 1723 1717 1707 1699 1690 1686 1677 1672 1664 1662 1658 1653 1645 1638 1631 1624 1616 1609 1602 1595 1587 1580 1572 1567 1562 1555 1551 1548 1545 1539 1536 1537 1539 1540 1536 1526 1524 1522 1524 1524 1524 1527 1529 1530 1532 1530 1532 1532 1535 1535 1535 1526
1706 1705 1702 1694 1695 1699 1705 1707 1710 1714 1720 1725 1725 1720 1713 1707 1704 1693 1687 1678 1672 1666 1661 1653 1647 1641 1637 1633 1627 1621 1615 1608 1603 1595 1589 1581 1574 1568 1562 1555 1549 1545 1541 1537 1534 1532 1532 1532 1527 1522 1520 1518 1519 1524 1526 1532 1532 1533 1527 1530 1533 1537 1538 1538 1527
1713 1710 1707 1703 1700 1706 1710 1710 1714 1715 1719 1721 1723 1718 1714 1709 1704 1695 1689 1682 1676 1669 1666 1655 1650 1645 1641 1635 1630 1626 1621 1614 1610 1603 1597 1590 1582 1576 1566 1558 1553 1549 1543 1537 1531 1526 1523 1523 1524 1522 1521 1520 1522 1522 1526 1531 1533 1534 1529 1533 1535 1538 1537 1539 1533
1716 1711 1710 1706 1704 1703 1709 1709 1712 1714 1715 1716 1718 1713 1710 1708 1702 1693 1687 1681 1674 1665 1664 1656 1652 1645 1643 1637 1633 1628 1625 1621 1616 1608 1602 1594 1585 1578 1569 1562 1555 1549 1541 1533 1526 1520 1519 1519 1519 1520 1517 1517 1515 1521 1523 1527 1526 1531 1529 1532 1534 1536 1533 1533 1524
1718 1714 1712 1709 1708 1702 1709 1709 1712 1711 1715 1713 1713 1709 1709 1703 1698 1692 1688 1681 1674 1668 1666 1661 1655 1650 1645 1642 1636 1633 1631 1628 1622 1615 1607 1598 1590 1583 1575 1565 1557 1549 1539 1529 1521 1513 1510 1508 1509 1507 1507 1508 1508 1511 1519 1523 1525 1528 1528 1530 1530 1531 1528 1529 1520
1718 1711 1711 1708 1706 1702 1705 1706 1707 1706 1710 1708 1708 1704 1703 1699 1694 1687 1682 1678 1672 1668 1666 1658 1654 1650 1646 1644 1638 1633 1631 1627 1622 1615 1608 1599 1593 1585 1576 1565 1556 1545 1536 1525 1512 1502 1497 1496 1491 1493 1491 1491 1493 1501 1504 1509 1517 1521 1522 1526 1525 1526 1525 1526 1516
1718 1712 1710 1707 1705 1703 1702 1702 1706 1705 1707 1704 1706 1701 1700 1693 1687 1681 1678 1675 1671 1664 1661 1661 1656 1650 1646 1643 1640 1636 1634 1632 1625 1618 1611 1603 1595 1584 1575 1567 1555 1545 1534 1518 1502 1488 1480 1476 1473 1475 1477 1479 1483 1489 1496 1506 1511 1512 1515 1521 1519 1521 1520 1520 1511
1711 1705 1703 1698 1702 1700 1698 1697 1698 1698 1697 1695 1697 -1.7e+308 -1.7e+308 -1.7e+308 -1.7e+308 -1.7e+308 -1.7e+308 -1.7e+308 -1.7e+308 -1.7e+308 -1.7e+308 1652 1650 1646 1646 1641 1640 1636 1632 1630 1626 1616 1611 1603 1594 1582 1572 1560 1550 1540 1525 1503 1484 1469 1454 1449 1447 1450 1453 1459 1465 1477 1488 1499 1507 1510 1511 1513 1509 1513 1512 1513 1505
1707 1702 1700 1696 1697 1696 1692 1691 1691 1690 1690 1689 1690 -1.7e+308 -1.7e+308 -1.7e+308 -1.7e+308 -1.7e+308 -1.7e+308 -1.7e+308 -1.7e+308 -1.7e+308 -1.7e+308 -1.7e+308 -1.7e+308 1644 1641 1640 1638 1635 1631 1629 1623 1616 1611 1601 1592 1579 1569 1555 1539 1525 1507 1483 1461 1444 1427 1420 1419 1424 1432 1440 1449 1466 1475 1487 1497 1504 1506 1509 1509 1509 1505 1503 1499
1697 1693 1692 1690 1685 1684 1687 1683 1686 1683 1681 -1.7e+308 -1.7e+308 1679 -1.7e+308 -1.7e+308 -1.7e+308 -1.7e+308 -1.7e+308 -1.7e+308 -1.7e+308 -1.7e+308 -1.7e+308 -1.7e+308 -1.7e+308 -1.7e+308 -1.7e+308 1632 1632 1630 1628 1623 1619 1612 1605 1597 1586 1575 1559 1542 1522 1501 1477 1450 1426 1409 1394 1388 1389 1395 1404 1417 1434 1451 1466 1483 1489 1498 1503 1506 1504 1502 1497 1496 1493
1691 1685 1685 1684 1678 1678 1681 1679 1680 1679 1680 1678 1677 1672 -1.7e+308 -1.7e+308 -1.7e+308 -1.7e+308 -1.7e+308 -1.7e+308 -1.7e+308 -1.7e+308 -1.7e+308 -1.7e+308 -1.7e+308 -1.7e+308 -1.7e+308 -1.7e+308 -1.7e+308 1624 1621 1619 1616 1609 1603 1595 1583 1568 1551 1530 1504 1474 1444 1413 1389 1371 1357 1353 1357 1368 1380 1397 1419 1440 1461 1480 1489 1495 1497 1499 1494 1496 1493 1495 1487
1674 1672 1672 1670 1668 1668 1668 1668 1673 -1.7e+308 -1.7e+308 -1.7e+308 -1.7e+308 -1.7e+308 -1.7e+308 -1.7e+308 -1.7e+308 -1.7e+308 -1.7e+308 -1.7e+308 -1.7e+308 -1.7e+308 -1.7e+308 -1.7e+308 -1.7e+308 -1.7e+308 -1.7e+308 -1.7e+308 -1.7e+308 -1.7e+308 1612 1610 1609 1603 1596 1588 1575 1559 1540 1515 1480 1444 1406 1371 1341 1321 1309 1308 1315 1331 1352 1375 1402 1428 1452 1469 1481 1492 1497 1499 1488 1491 1487 1487 1478
1664 1663 1662 1661 1663 1661 1665 -1.7e+308 -1.7e+308 -1.7e+308 -1.7e+308 -1.7e+308 -1.7e+308 -1.7e+308 -1.7e+308 -1.7e+308 -1.7e+308 -1.7e+308 -1.7e+308 -1.7e+308 -1.7e+308 -1.7e+308 -1.7e+308 -1.7e+308 -1.7e+308 -1.7e+308 -1.7e+308 -1.7e+308 -1.7e+308 -1.7e+308 -1.7e+308 1603 1603 1597 1590 1583 1572 1556 1537 1504 1463 1414 1367 1323 1288 1267 1257 1262 1278 1301 1327 1357 1389 1420 1448 1473 1484 1492 1495 1496 1491 1490 1485 1483 1476
