MaxEnt_Example/FutureLayers/bio13.asc
NCOLS 182 
NROWS 155 
XLLCORNER -87.625 
YLLCORNER 24.5416666666667 
CELLSIZE 0.0416666666666666 
NODATA_value -1.7e+308 
[rows 0 to 28 of 155, columns 66 to 131 of 182]
-1.7e+308 -1.7e+308 -1.7e+308 -1.7e+308 -1.7e+308 -1.7e+308 -1.7e+308 -1.7e+308 -1.7e+308 -1.7e+308 -1.7e+308 -1.7e+308 -1.7e+308 -1.7e+308 -1.7e+308 -1.7e+308 -1.7e+308 -1.7e+308 -1.7e+308 -1.7e+308 -1.7e+308 -1.7e+308 -1.7e+308 -1.7e+308 -1.7e+308 -1.7e+308 -1.7e+308 -1.7e+308 -1.7e+308 -1.7e+308 -1.7e+308 -1.7e+308 -1.7e+308 -1.7e+308 -1.7e+308 -1.7e+308 -1.7e+308 -1.7e+308 -1.7e+308 -1.7e+308 -1.7e+308 -1.7e+308 -1.7e+308 -1.7e+308 -1.7e+308 -1.7e+308 -1.7e+308 -1.7e+308 -1.7e+308 -1.7e+308 -1.7e+308 -1.7e+308 -1.7e+308 -1.7e+308 -1.7e+308 -1.7e+308 -1.7e+308 -1.7e+308 -1.7e+308 -1.7e+308 -1.7e+308 -1.7e+308 -1.7e+308 -1.7e+308 -1.7e+308 -1.7e+308
-1.7e+308 -1.7e+308 -1.7e+308 -1.7e+308 -1.7e+308 -1.7e+308 -1.7e+308 -1.7e+308 -1.7e+308 -1.7e+308 -1.7e+308 -1.7e+308 -1.7e+308 -1.7e+308 -1.7e+308 -1.7e+308 -1.7e+308 -1.7e+308 -1.7e+308 -1.7e+308 -1.7e+308 -1.7e+308 -1.7e+308 -1.7e+308 -1.7e+308 -1.7e+308 -1.7e+308 -1.7e+308 -1.7e+308 -1.7e+308 -1.7e+308 -1.7e+308 -1.7e+308 -1.7e+308 -1.7e+308 -1.7e+308 -1.7e+308 -1.7e+308 -1.7e+308 -1.7e+308 -1.7e+308 -1.7e+308 -1.7e+308 -1.7e+308 -1.7e+308 -1.7e+308 -1.7e+308 -1.7e+308 -1.7e+308 -1.7e+308 -1.7e+308 -1.7e+308 -1.7e+308 -1.7e+308 -1.7e+308 -1.7e+308 -1.7e+308 -1.7e+308 -1.7e+308 -1.7e+308 -1.7e+308 -1.7e+308 -1.7e+308 -1.7e+308 -1.7e+308 -1.7e+308
-1.7e+308 -1.7e+308 -1.7e+308 -1.7e+308 -1.7e+308 -1.7e+308 -1.7e+308 -1.7e+308 -1.7e+308 -1.7e+308 -1.7e+308 -1.7e+308 -1.7e+308 -1.7e+308 -1.7e+308 -1.7e+308 -1.7e+308 -1.7e+308 -1.7e+308 -1.7e+308 -1.7e+308 -1.7e+308 -1.7e+308 -1.7e+308 -1.7e+308 -1.7e+308 -1.7e+308 -1.7e+308 -1.7e+308 -1.7e+308 -1.7e+308 -1.7e+308 -1.7e+308 -1.7e+308 -1.7e+308 -1.7e+308 -1.7e+308 -1.7e+308 -1.7e+308 -1.7e+308 -1.7e+308 -1.7e+308 -1.7e+308 -1.7e+308 -1.7e+308 -1.7e+308 -1.7e+308 -1.7e+308 -1.7e+308 -1.7e+308 -1.7e+308 -1.7e+308 -1.7e+308 -1.7e+308 -1.7e+308 -1.7e+308 -1.7e+308 -1.7e+308 -1.7e+308 -1.7e+308 -1.7e+308 -1.7e+308 -1.7e+308 -1.7e+308 -1.7e+308 -1.7e+308
-1.7e+308 -1.7e+308 -1.7e+308 -1.7e+308 -1.7e+308 -1.7e+308 -1.7e+308 -1.7e+308 -1.7e+308 -1.7e+308 -1.7e+308 -1.7e+308 -1.7e+308 -1.7e+308 -1.7e+308 -1.7e+308 -1.7e+308 -1.7e+308 -1.7e+308 -1.7e+308 -1.7e+308 -1.7e+308 -1.7e+308 -1.7e+308 -1.7e+308 -1.7e+308 -1.7e+308 -1.7e+308 -1.7e+308 -1.7e+308 -1.7e+308 -1.7e+308 -1.7e+308 -1.7e+308 -1.7e+308 -1.7e+308 -1.7e+308 -1.7e+308 -1.7e+308 -1.7e+308 -1.7e+308 -1.7e+308 -1.7e+308 -1.7e+308 -1.7e+308 -1.7e+308 -1.7e+308 -1.7e+308 -1.7e+308 -1.7e+308 -1.7e+308 -1.7e+308 -1.7e+308 -1.7e+308 -1.7e+308 -1.7e+308 -1.7e+308 -1.7e+308 -1.7e+308 -1.7e+308 -1.7e+308 -1.7e+308 -1.7e+308 -1.7e+308 -1.7e+308 -1.7e+308
-1.7e+308 -1.7e+308 -1.7e+308 -1.7e+308 -1.7e+308 -1.7e+308 -1.7e+308 -1.7e+308 -1.7e+308 -1.7e+308 -1.7e+308 -1.7e+308 -1.7e+308 -1.7e+308 -1.7e+308 -1.7e+308 -1.7e+308 -1.7e+308 -1.7e+308 -1.7e+308 -1.7e+308 -1.7e+308 -1.7e+308 -1.7e+308 -1.7e+308 -1.7e+308 -1.7e+308 -1.7e+308 -1.7e+308 -1.7e+308 -1.7e+308 -1.7e+308 -1.7e+308 -1.7e+308 -1.7e+308 -1.7e+308 -1.7e+308 -1.7e+308 -1.7e+308 -1.7e+308 -1.7e+308 -1.7e+308 -1.7e+308 -1.7e+308 -1.7e+308 -1.7e+308 -1.7e+308 -1.7e+308 -1.7e+308 -1.7e+308 -1.7e+308 -1.7e+308 -1.7e+308 -1.7e+308 -1.7e+308 -1.7e+308 -1.7e+308 -1.7e+308 -1.7e+308 -1.7e+308 -1.7e+308 -1.7e+308 -1.7e+308 -1.7e+308 -1.7e+308 -1.7e+308
-1.7e+308 -1.7e+308 -1.7e+308 -1.7e+308 -1.7e+308 -1.7e+308 -1.7e+308 -1.7e+308 -1.7e+308 -1.7e+308 -1.7e+308 -1.7e+308 -1.7e+308 -1.7e+308 -1.7e+308 -1.7e+308 -1.7e+308 -1.7e+308 -1.7e+308 -1.7e+308 -1.7e+308 -1.7e+308 -1.7e+308 -1.7e+308 -1.7e+308 -1.7e+308 -1.7e+308 -1.7e+308 -1.7e+308 -1.7e+308 -1.7e+308 -1.7e+308 -1.7e+308 -1.7e+308 -1.7e+308 -1.7e+308 -1.7e+308 -1.7e+308 -1.7e+308 -1.7e+308 -1.7e+308 -1.7e+308 -1.7e+308 -1.7e+308 -1.7e+308 -1.7e+308 -1.7e+308 -1.7e+308 -1.7e+308 -1.7e+308 -1.7e+308 -1.7e+308 -1.7e+308 -1.7e+308 -1.7e+308 -1.7e+308 -1.7e+308 -1.7e+308 -1.7e+308 -1.7e+308 -1.7e+308 -1.7e+308 -1.7e+308 -1.7e+308 -1.7e+308 -1.7e+308
-1.7e+308 -1.7e+308 -1.7e+308 -1.7e+308 -1.7e+308 -1.7e+308 -1.7e+308 -1.7e+308 -1.7e+308 -1.7e+308 -1.7e+308 -1.7e+308 -1.7e+308 -1.7e+308 -1.7e+308 -1.7e+308 -1.7e+308 -1.7e+308 -1.7e+308 -1.7e+308 -1.7e+308 -1.7e+308 -1.7e+308 -1.7e+308 -1.7e+308 -1.7e+308 -1.7e+308 -1.7e+308 -1.7e+308 -1.7e+308 -1.7e+308 -1.7e+308 -1.7e+308 -1.7e+308 -1.7e+308 -1.7e+308 -1.7e+308 -1.7e+308 -1.7e+308 -1.7e+308 -1.7e+308 -1.7e+308 -1.7e+308 -1.7e+308 -1.7e+308 -1.7e+308 -1.7e+308 -1.7e+308 -1.7e+308 -1.7e+308 -1.7e+308 -1.7e+308 -1.7e+308 -1.7e+308 -1.7e+308 -1.7e+308 -1.7e+308 -1.7e+308 -1.7e+308 -1.7e+308 -1.7e+308 -1.7e+308 -1.7e+308 -1.7e+308 -1.7e+308 -1.7e+308
190 191 192 193 193 193 194 194 195 195 195 195 195 -1.7e+308 -1.7e+308 -1.7e+308 -1.7e+308 -1.7e+308 -1.7e+308 -1.7e+308 -1.7e+308 -1.7e+308 -1.7e+308 -1.7e+308 -1.7e+308 -1.7e+308 -1.7e+308 -1.7e+308 -1.7e+308 -1.7e+308 -1.7e+308 -1.7e+308 -1.7e+308 -1.7e+308 -1.7e+308 -1.7e+308 -1.7e+308 -1.7e+308 -1.7e+308 -1.7e+308 -1.7e+308 -1.7e+308 -1.7e+308 -1.7e+308 -1.7e+308 -1.7e+308 -1.7e+308 -1.7e+308 -1.7e+308 -1.7e+308 -1.7e+308 -1.7e+308 -1.7e+308 -1.7e+308 -1.7e+308 -1.7e+308 -1.7e+308 -1.7e+308 -1.7e+308 -1.7e+308 -1.7e+308 -1.7e+308 -1.7e+308 -1.7e+308 -1.7e+308 -1.7e+308
190 191 192 192 192 194 194 195 194 194 195 195 195 194 194 193 193 192 192 192 192 191 190 188 187 185 183 180 179 177 174 172 171 -1.7e+308 -1.7e+308 -1.7e+308 -1.7e+308 -1.7e+308 -1.7e+308 -1.7e+308 -1.7e+308 -1.7e+308 -1.7e+308 -1.7e+308 -1.7e+308 -1.7e+308 -1.7e+308 -1.7e+308 -1.7e+308 -1.7e+308 -1.7e+308 -1.7e+308 -1.7e+308 -1.7e+308 -1.7e+308 -1.7e+308 -1.7e+308 -1.7e+308 -1.7e+308 -1.7e+308 -1.7e+308 -1.7e+308 -1.7e+308 -1.7e+308 -1.7e+308 -1.7e+308
191 190 191 192 192 194 194 194 195 194 195 195 193 194 194 194 193 194 193 193 192 192 191 189 188 186 184 181 179 177 174 172 171 169 168 167 167 166 166 167 167 166 167 167 169 171 172 173 174 175 -1.7e+308 -1.7e+308 -1.7e+308 -1.7e+308 -1.7e+308 -1.7e+308 -1.7e+308 -1.7e+308 -1.7e+308 -1.7e+308 -1.7e+308 -1.7e+308 -1.7e+308 -1.7e+308 -1.7e+308 -1.7e+308
189 190 191 190 192 192 193 193 193 194 194 193 194 193 194 194 193 194 193 192 192 191 191 190 188 185 184 180 178 176 174 172 170 168 167 167 167 167 167 167 167 166 168 169 170 172 174 174 175 175 176 177 178 179 180 179 180 181 182 182 183 182 183 182 -1.7e+308 -1.7e+308
188 188 189 190 190 191 192 193 193 193 194 193 193 193 194 193 192 193 192 192 192 191 192 191 188 185 183 180 178 176 174 172 171 170 169 169 169 169 169 168 168 168 169 171 172 174 175 176 177 176 177 178 179 179 180 180 181 182 183 183 184 183 184 -1.7e+308 -1.7e+308 -1.7e+308
187 187 188 189 190 190 191 191 192 192 192 193 193 193 193 192 192 192 191 191 191 191 191 190 187 185 182 179 178 176 175 174 173 172 172 173 172 171 171 170 170 170 171 172 174 174 175 176 176 177 178 179 179 179 180 181 182 182 183 183 184 183 184 183 -1.7e+308 -1.7e+308
186 186 187 187 188 189 189 189 191 191 191 192 191 191 192 192 191 190 190 190 190 191 190 189 186 184 182 179 178 178 178 177 176 175 175 175 174 174 173 172 172 172 173 174 175 175 176 176 177 178 178 179 180 180 181 182 183 183 184 184 185 185 185 185 -1.7e+308 -1.7e+308
184 185 185 186 187 187 188 188 190 190 191 192 191 191 190 190 190 190 188 189 190 189 188 186 184 183 181 181 181 181 181 180 179 178 178 178 177 176 175 176 175 174 173 174 175 176 176 177 178 178 179 178 179 180 181 181 182 183 185 185 186 186 186 186 -1.7e+308 -1.7e+308
186 186 186 187 188 189 189 190 191 192 193 193 193 193 191 190 188 188 187 187 187 186 186 185 184 184 184 184 184 184 184 183 182 181 181 181 180 179 178 178 177 176 175 176 176 177 177 177 178 178 179 179 179 180 181 181 182 184 185 185 187 187 188 186 186 184
188 189 188 188 189 190 191 192 192 194 194 194 194 194 193 192 191 190 189 188 187 188 187 187 186 187 187 187 187 188 187 186 186 186 185 184 183 182 181 181 180 179 177 176 176 177 177 177 177 178 178 179 179 180 181 182 183 183 185 185 187 187 188 188 188 186
190 190 190 190 191 192 192 193 194 194 194 195 195 195 194 193 192 192 191 191 190 190 189 189 189 190 190 190 190 191 190 190 189 189 188 187 186 185 184 183 182 181 180 178 177 178 177 178 178 179 179 179 180 181 183 183 184 184 186 187 188 188 190 189 190 187
191 191 191 191 191 193 193 194 195 195 195 196 196 195 195 195 194 194 193 192 192 192 192 192 192 193 193 193 193 194 194 193 192 192 191 190 189 188 186 186 185 183 182 180 179 179 179 178 178 178 178 179 180 182 184 184 185 185 186 187 188 188 189 189 190 188
192 193 193 193 192 194 194 195 195 196 196 197 197 197 196 196 195 195 195 194 194 195 194 194 194 195 196 196 196 197 197 197 196 195 194 193 192 191 189 189 187 186 184 182 181 180 179 179 178 178 179 179 180 182 184 185 185 185 186 187 189 189 190 190 190 189
193 193 193 194 194 194 194 195 195 197 197 197 196 197 197 197 197 196 196 196 196 196 195 196 197 197 197 198 199 200 200 200 199 198 196 196 195 193 192 191 190 188 186 184 182 181 180 179 179 179 179 178 179 181 183 185 185 185 187 188 190 190 191 189 190 188
194 194 194 195 195 195 195 196 196 197 197 197 197 198 197 197 197 197 197 197 197 197 198 198 198 199 199 201 202 202 203 203 202 201 199 199 197 196 194 194 192 190 187 185 182 181 180 179 178 179 179 179 180 181 183 184 185 187 188 189 190 190 191 190 190 189
193 194 193 194 194 195 195 196 196 197 197 198 -1.7e+308 -1.7e+308 -1.7e+308 -1.7e+308 -1.7e+308 -1.7e+308 -1.7e+308 -1.7e+308 -1.7e+308 -1.7e+308 199 200 200 201 201 203 204 204 205 205 204 203 201 200 199 198 196 195 193 192 188 185 182 180 178 178 178 178 178 179 181 181 183 185 186 187 188 189 190 190 191 190 190 188
196 195 194 194 194 195 196 196 196 197 197 198 -1.7e+308 -1.7e+308 -1.7e+308 -1.7e+308 -1.7e+308 -1.7e+308 -1.7e+308 -1.7e+308 -1.7e+308 -1.7e+308 -1.7e+308 -1.7e+308 202 202 203 205 205 206 206 207 206 205 203 202 200 200 198 196 194 192 188 184 181 179 177 177 177 177 178 179 182 183 185 186 188 189 190 190 191 191 191 191 191 189
198 197 195 194 193 195 195 195 195 196 -1.7e+308 -1.7e+308 197 -1.7e+308 -1.7e+308 -1.7e+308 -1.7e+308 -1.7e+308 -1.7e+308 -1.7e+308 -1.7e+308 -1.7e+308 -1.7e+308 -1.7e+308 -1.7e+308 -1.7e+308 204 205 205 207 207 207 206 206 205 204 202 200 198 196 193 189 185 182 179 176 175 174 174 175 176 179 181 184 187 187 189 189 190 190 190 190 191 191 191 190
202 200 199 197 196 195 195 195 195 197 197 198 198 -1.7e+308 -1.7e+308 -1.7e+308 -1.7e+308 -1.7e+308 -1.7e+308 -1.7e+308 -1.7e+308 -1.7e+308 -1.7e+308 -1.7e+308 -1.7e+308 -1.7e+308 -1.7e+308 -1.7e+308 206 207 208 207 207 207 206 205 203 201 198 196 192 187 183 180 176 174 172 172 172 173 175 179 182 186 189 190 191 191 191 190 191 191 191 191 191 190
203 202 201 199 197 196 194 195 -1.7e+308 -1.7e+308 -1.7e+308 -1.7e+308 -1.7e+308 -1.7e+308 -1.7e+308 -1.7e+308 -1.7e+308 -1.7e+308 -1.7e+308 -1.7e+308 -1.7e+308 -1.7e+308 -1.7e+308 -1.7e+308 -1.7e+308 -1.7e+308 -1.7e+308 -1.7e+308 -1.7e+308 207 207 208 208 207 207 205 203 202 199 194 189 185 179 175 171 169 168 169 170 172 174 178 182 186 190 191 192 192 193 191 192 191 191 189 190 189
206 205 203 202 200 199 -1.7e+308 -1.7e+308 -1.7e+308 -1.7e+308 -1.7e+308 -1.7e+308 -1.7e+308 -1.7e+308 -1.7e+308 -1.7e+308 -1.7e+308 -1.7e+308 -1.7e+308 -1.7e+308 -1.7e+308 -1.7e+308 -1.7e+308 -1.7e+308 -1.7e+308 -1.7e+308 -1.7e+308 -1.7e+308 -1.7e+308 -1.7e+308 207 208 208 208 207 206 204 203 199 194 187 181 175 169 166 163 163 165 167 170 173 178 183 188 192 193 194 194 193 192 192 191 191 189 189 188
-1.7e+308 207 205 203 -1.7e+308 -1.7e+308 -1.7e+308 -1.7e+308 -1.7e+308 -1.7e+308 -1.7e+308 -1.7e+308 -1.7e+308 -1.7e+308 -1.7e+308 -1.7e+308 -1.7e+308 -1.7e+308 -1.7e+308 -1.7e+308 -1.7e+308 -1.7e+308 -1.7e+308 -1.7e+308 -1.7e+308 -1.7e+308 -1.7e+308 -1.7e+308 -1.7e+308 -1.7e+308 -1.7e+308 207 207 207 207 207 206 203 199 193 185 177 168 162 158 157 158 160 163 167 171 177 183 188 192 194 194 193 193 191 191 189 189 187 187 186
