MaxEnt_Example/FutureLayers/bio18.asc
NCOLS 182 
NROWS 155 
XLLCORNER -87.625 
YLLCORNER 24.5416666666667 
CELLSIZE 0.0416666666666666 
NODATA_value -1.7e+308 
[rows 0 to 28 of 155, columns 66 to 131 of 182]
-1.7e+308 -1.7e+308 -1.7e+308 -1.7e+308 -1.7e+308 -1.7e+308 -1.7e+308 -1.7e+308 -1.7e+308 -1.7e+308 -1.7e+308 -1.7e+308 -1.7e+308 -1.7e+308 -1.7e+308 -1.7e+308 -1.7e+308 -1.7e+308 -1.7e+308 -1.7e+308 -1.7e+308 -1.7e+308 -1.7e+308 -1.7e+308 -1.7e+308 -1.7e+308 -1.7e+308 -1.7e+308 -1.7e+308 -1.7e+308 -1.7e+308 -1.7e+308 -1.7e+308 -1.7e+308 -1.7e+308 -1.7e+308 -1.7e+308 -1.7e+308 -1.7e+308 -1.7e+308 -1.7e+308 -1.7e+308 -1.7e+308 -1.7e+308 -1.7e+308 -1.7e+308 -1.7e+308 -1.7e+308 -1.7e+308 -1.7e+308 -1.7e+308 -1.7e+308 -1.7e+308 -1.7e+308 -1.7e+308 -1.7e+308 -1.7e+308 -1.7e+308 -1.7e+308 -1.7e+308 -1.7e+308 -1.7e+308 -1.7e+308 -1.7e+308 -1.7e+308 -1.7e+308
-1.7e+308 -1.7e+308 -1.7e+308 -1.7e+308 -1.7e+308 -1.7e+308 -1.7e+308 -1.7e+308 -1.7e+308 -1.7e+308 -1.7e+308 -1.7e+308 -1.7e+308 -1.7e+308 -1.7e+308 -1.7e+308 -1.7e+308 -1.7e+308 -1.7e+308 -1.7e+308 -1.7e+308 -1.7e+308 -1.7e+308 -1.7e+308 -1.7e+308 -1.7e+308 -1.7e+308 -1.7e+308 -1.7e+308 -1.7e+308 -1.7e+308 -1.7e+308 -1.7e+308 -1.7e+308 -1.7e+308 -1.7e+308 -1.7e+308 -1.7e+308 -1.7e+308 -1.7e+308 -1.7e+308 -1.7e+308 -1.7e+308 -1.7e+308 -1.7e+308 -1.7e+308 -1.7e+308 -1.7e+308 -1.7e+308 -1.7e+308 -1.7e+308 -1.7e+308 -1.7e+308 -1.7e+308 -1.7e+308 -1.7e+308 -1.7e+308 -1.7e+308 -1.7e+308 -1.7e+308 -1.7e+308 -1.7e+308 -1.7e+308 -1.7e+308 -1.7e+308 -1.7e+308
-1.7e+308 -1.7e+308 -1.7e+308 -1.7e+308 -1.7e+308 -1.7e+308 -1.7e+308 -1.7e+308 -1.7e+308 -1.7e+308 -1.7e+308 -1.7e+308 -1.7e+308 -1.7e+308 -1.7e+308 -1.7e+308 -1.7e+308 -1.7e+308 -1.7e+308 -1.7e+308 -1.7e+308 -1.7e+308 -1.7e+308 -1.7e+308 -1.7e+308 -1.7e+308 -1.7e+308 -1.7e+308 -1.7e+308 -1.7e+308 -1.7e+308 -1.7e+308 -1.7e+308 -1.7e+308 -1.7e+308 -1.7e+308 -1.7e+308 -1.7e+308 -1.7e+308 -1.7e+308 -1.7e+308 -1.7e+308 -1.7e+308 -1.7e+308 -1.7e+308 -1.7e+308 -1.7e+308 -1.7e+308 -1.7e+308 -1.7e+308 -1.7e+308 -1.7e+308 -1.7e+308 -1.7e+308 -1.7e+308 -1.7e+308 -1.7e+308 -1.7e+308 -1.7e+308 -1.7e+308 -1.7e+308 -1.7e+308 -1.7e+308 -1.7e+308 -1.7e+308 -1.7e+308
-1.7e+308 -1.7e+308 -1.7e+308 -1.7e+308 -1.7e+308 -1.7e+308 -1.7e+308 -1.7e+308 -1.7e+308 -1.7e+308 -1.7e+308 -1.7e+308 -1.7e+308 -1.7e+308 -1.7e+308 -1.7e+308 -1.7e+308 -1.7e+308 -1.7e+308 -1.7e+308 -1.7e+308 -1.7e+308 -1.7e+308 -1.7e+308 -1.7e+308 -1.7e+308 -1.7e+308 -1.7e+308 -1.7e+308 -1.7e+308 -1.7e+308 -1.7e+308 -1.7e+308 -1.7e+308 -1.7e+308 -1.7e+308 -1.7e+308 -1.7e+308 -1.7e+308 -1.7e+308 -1.7e+308 -1.7e+308 -1.7e+308 -1.7e+308 -1.7e+308 -1.7e+308 -1.7e+308 -1.7e+308 -1.7e+308 -1.7e+308 -1.7e+308 -1.7e+308 -1.7e+308 -1.7e+308 -1.7e+308 -1.7e+308 -1.7e+308 -1.7e+308 -1.7e+308 -1.7e+308 -1.7e+308 -1.7e+308 -1.7e+308 -1.7e+308 -1.7e+308 -1.7e+308
-1.7e+308 -1.7e+308 -1.7e+308 -1.7e+308 -1.7e+308 -1.7e+308 -1.7e+308 -1.7e+308 -1.7e+308 -1.7e+308 -1.7e+308 -1.7e+308 -1.7e+308 -1.7e+308 -1.7e+308 -1.7e+308 -1.7e+308 -1.7e+308 -1.7e+308 -1.7e+308 -1.7e+308 -1.7e+308 -1.7e+308 -1.7e+308 -1.7e+308 -1.7e+308 -1.7e+308 -1.7e+308 -1.7e+308 -1.7e+308 -1.7e+308 -1.7e+308 -1.7e+308 -1.7e+308 -1.7e+308 -1.7e+308 -1.7e+308 -1.7e+308 -1.7e+308 -1.7e+308 -1.7e+308 -1.7e+308 -1.7e+308 -1.7e+308 -1.7e+308 -1.7e+308 -1.7e+308 -1.7e+308 -1.7e+308 -1.7e+308 -1.7e+308 -1.7e+308 -1.7e+308 -1.7e+308 -1.7e+308 -1.7e+308 -1.7e+308 -1.7e+308 -1.7e+308 -1.7e+308 -1.7e+308 -1.7e+308 -1.7e+308 -1.7e+308 -1.7e+308 -1.7e+308
-1.7e+308 -1.7e+308 -1.7e+308 -1.7e+308 -1.7e+308 -1.7e+308 -1.7e+308 -1.7e+308 -1.7e+308 -1.7e+308 -1.7e+308 -1.7e+308 -1.7e+308 -1.7e+308 -1.7e+308 -1.7e+308 -1.7e+308 -1.7e+308 -1.7e+308 -1.7e+308 -1.7e+308 -1.7e+308 -1.7e+308 -1.7e+308 -1.7e+308 -1.7e+308 -1.7e+308 -1.7e+308 -1.7e+308 -1.7e+308 -1.7e+308 -1.7e+308 -1.7e+308 -1.7e+308 -1.7e+308 -1.7e+308 -1.7e+308 -1.7e+308 -1.7e+308 -1.7e+308 -1.7e+308 -1.7e+308 -1.7e+308 -1.7e+308 -1.7e+308 -1.7e+308 -1.7e+308 -1.7e+308 -1.7e+308 -1.7e+308 -1.7e+308 -1.7e+308 -1.7e+308 -1.7e+308 -1.7e+308 -1.7e+308 -1.7e+308 -1.7e+308 -1.7e+308 -1.7e+308 -1.7e+308 -1.7e+308 -1.7e+308 -1.7e+308 -1.7e+308 -1.7e+308
-1.7e+308 -1.7e+308 -1.7e+308 -1.7e+308 -1.7e+308 -1.7e+308 -1.7e+308 -1.7e+308 -1.7e+308 -1.7e+308 -1.7e+308 -1.7e+308 -1.7e+308 -1.7e+308 -1.7e+308 -1.7e+308 -1.7e+308 -1.7e+308 -1.7e+308 -1.7e+308 -1.7e+308 -1.7e+308 -1.7e+308 -1.7e+308 -1.7e+308 -1.7e+308 -1.7e+308 -1.7e+308 -1.7e+308 -1.7e+308 -1.7e+308 -1.7e+308 -1.7e+308 -1.7e+308 -1.7e+308 -1.7e+308 -1.7e+308 -1.7e+308 -1.7e+308 -1.7e+308 -1.7e+308 -1.7e+308 -1.7e+308 -1.7e+308 -1.7e+308 -1.7e+308 -1.7e+308 -1.7e+308 -1.7e+308 -1.7e+308 -1.7e+308 -1.7e+308 -1.7e+308 -1.7e+308 -1.7e+308 -1.7e+308 -1.7e+308 -1.7e+308 -1.7e+308 -1.7e+308 -1.7e+308 -1.7e+308 -1.7e+308 -1.7e+308 -1.7e+308 -1.7e+308
459 460 462 463 462 466 467 466 469 470 471 473 473 -1.7e+308 -1.7e+308 -1.7e+308 -1.7e+308 -1.7e+308 -1.7e+308 -1.7e+308 -1.7e+308 -1.7e+308 -1.7e+308 -1.7e+308 -1.7e+308 -1.7e+308 -1.7e+308 -1.7e+308 -1.7e+308 -1.7e+308 -1.7e+308 -1.7e+308 -1.7e+308 -1.7e+308 -1.7e+308 -1.7e+308 -1.7e+308 -1.7e+308 -1.7e+308 -1.7e+308 -1.7e+308 -1.7e+308 -1.7e+308 -1.7e+308 -1.7e+308 -1.7e+308 -1.7e+308 -1.7e+308 -1.7e+308 -1.7e+308 -1.7e+308 -1.7e+308 -1.7e+308 -1.7e+308 -1.7e+308 -1.7e+308 -1.7e+308 -1.7e+308 -1.7e+308 -1.7e+308 -1.7e+308 -1.7e+308 -1.7e+308 -1.7e+308 -1.7e+308 -1.7e+308
466 470 470 471 471 473 474 475 475 476 478 482 481 480 480 480 478 479 478 476 475 477 475 473 473 472 471 472 472 472 470 469 469 -1.7e+308 -1.7e+308 -1.7e+308 -1.7e+308 -1.7e+308 -1.7e+308 -1.7e+308 -1.7e+308 -1.7e+308 -1.7e+308 -1.7e+308 -1.7e+308 -1.7e+308 -1.7e+308 -1.7e+308 -1.7e+308 -1.7e+308 -1.7e+308 -1.7e+308 -1.7e+308 -1.7e+308 -1.7e+308 -1.7e+308 -1.7e+308 -1.7e+308 -1.7e+308 -1.7e+308 -1.7e+308 -1.7e+308 -1.7e+308 -1.7e+308 -1.7e+308 -1.7e+308
476 477 477 478 478 481 481 482 483 484 487 489 488 488 488 489 487 487 485 485 482 482 481 479 479 480 478 478 478 477 476 475 474 476 476 476 478 479 480 485 487 490 493 494 498 502 504 507 510 512 -1.7e+308 -1.7e+308 -1.7e+308 -1.7e+308 -1.7e+308 -1.7e+308 -1.7e+308 -1.7e+308 -1.7e+308 -1.7e+308 -1.7e+308 -1.7e+308 -1.7e+308 -1.7e+308 -1.7e+308 -1.7e+308
484 484 483 484 486 487 488 489 489 493 495 495 496 496 497 496 494 495 492 491 489 485 485 485 485 485 485 484 483 482 481 482 480 481 479 481 483 486 487 488 492 495 497 501 502 506 509 512 513 516 518 520 522 524 526 527 529 531 533 534 535 535 536 534 -1.7e+308 -1.7e+308
489 490 490 492 493 493 495 497 497 502 504 504 504 504 506 503 500 502 499 497 495 493 493 493 491 491 490 490 489 488 488 488 487 486 486 487 489 491 492 493 496 499 501 505 506 511 514 515 517 519 521 523 525 527 529 530 533 534 536 537 538 538 539 -1.7e+308 -1.7e+308 -1.7e+308
494 495 495 497 498 499 500 504 505 508 510 513 513 514 513 512 508 508 505 502 501 501 501 500 497 498 497 497 496 497 496 495 494 493 493 495 496 496 498 500 502 504 506 508 512 513 515 518 520 521 523 525 527 528 531 533 535 537 539 539 541 540 541 539 -1.7e+308 -1.7e+308
499 501 501 503 503 504 506 510 512 517 519 522 521 521 520 519 515 513 510 510 508 510 508 508 504 505 505 505 505 504 503 502 502 501 501 502 502 504 505 505 507 509 511 512 515 515 517 520 521 524 525 527 530 532 534 536 538 539 541 542 544 544 545 542 -1.7e+308 -1.7e+308
503 504 504 507 508 509 512 516 518 523 525 529 528 527 524 524 521 520 516 515 516 516 514 513 511 512 511 512 511 512 511 511 510 510 509 509 509 510 510 512 512 513 514 515 517 518 520 521 523 525 527 528 531 534 536 538 540 541 544 544 546 547 548 545 -1.7e+308 -1.7e+308
509 510 510 512 513 517 519 521 523 529 531 534 534 532 529 528 525 525 522 521 519 520 519 520 519 520 520 520 520 520 520 520 519 518 518 517 517 517 516 517 518 518 518 518 519 522 522 522 523 524 527 529 531 535 538 539 542 543 545 546 549 550 551 546 545 541
515 515 514 516 518 521 523 525 527 532 534 536 535 535 533 533 530 529 527 526 525 525 524 524 524 526 527 527 527 528 528 528 527 527 526 525 524 524 523 522 522 521 520 520 520 521 523 524 524 525 527 530 533 536 539 542 544 544 546 548 551 552 553 550 550 545
521 520 519 521 523 526 527 529 531 535 536 539 539 538 537 537 535 534 532 532 531 531 530 531 531 533 534 534 535 537 536 537 536 536 535 533 532 530 529 528 527 526 524 523 522 522 523 526 527 528 530 533 535 538 541 544 546 546 549 551 553 554 555 554 554 548
523 524 523 524 524 528 529 532 534 537 538 541 540 540 539 540 538 538 537 536 534 536 535 536 536 540 540 542 542 544 545 545 544 544 542 540 539 537 535 535 533 531 529 526 524 525 525 526 528 529 531 533 536 539 542 543 547 548 550 553 554 554 555 553 553 550
528 528 528 528 528 531 532 535 536 539 540 542 542 543 542 543 541 542 541 541 540 542 542 542 543 546 547 549 550 554 555 555 553 552 550 548 546 544 541 540 538 535 532 529 526 526 526 526 528 529 531 533 536 541 544 545 548 550 552 554 555 555 556 554 554 551
529 531 530 530 530 532 533 536 537 539 540 543 542 544 544 544 543 544 544 544 544 545 545 547 548 550 552 554 556 559 560 562 560 558 555 554 552 549 547 545 542 539 535 530 527 526 526 525 527 529 530 531 535 539 542 546 549 550 554 555 556 556 557 552 552 549
532 532 532 533 533 534 535 539 540 542 542 545 545 547 545 545 545 547 547 547 546 549 551 552 553 555 557 561 563 566 569 569 567 564 562 560 558 555 552 550 547 543 537 532 527 525 523 523 524 527 530 532 535 539 544 548 549 552 555 556 557 556 557 553 552 549
531 532 530 533 533 534 535 538 538 541 542 545 -1.7e+308 -1.7e+308 -1.7e+308 -1.7e+308 -1.7e+308 -1.7e+308 -1.7e+308 -1.7e+308 -1.7e+308 -1.7e+308 552 555 557 560 562 565 567 570 572 572 570 568 566 564 561 558 555 552 549 545 536 529 523 518 517 518 520 522 526 530 535 539 544 549 551 553 555 554 555 555 556 553 552 546
531 533 532 533 534 536 536 538 539 542 543 545 -1.7e+308 -1.7e+308 -1.7e+308 -1.7e+308 -1.7e+308 -1.7e+308 -1.7e+308 -1.7e+308 -1.7e+308 -1.7e+308 -1.7e+308 -1.7e+308 560 563 566 569 571 574 575 576 574 573 571 568 565 562 557 553 548 542 533 525 518 513 511 512 514 519 523 528 535 540 544 549 553 555 556 556 557 554 554 553 552 547
530 531 530 531 531 535 535 537 538 540 -1.7e+308 -1.7e+308 544 -1.7e+308 -1.7e+308 -1.7e+308 -1.7e+308 -1.7e+308 -1.7e+308 -1.7e+308 -1.7e+308 -1.7e+308 -1.7e+308 -1.7e+308 -1.7e+308 -1.7e+308 566 570 572 575 577 577 575 575 573 570 566 562 556 551 543 534 523 515 509 504 502 503 507 511 517 526 533 540 547 550 553 554 556 555 554 552 552 551 549 546
529 529 530 531 532 535 536 537 538 541 542 545 545 -1.7e+308 -1.7e+308 -1.7e+308 -1.7e+308 -1.7e+308 -1.7e+308 -1.7e+308 -1.7e+308 -1.7e+308 -1.7e+308 -1.7e+308 -1.7e+308 -1.7e+308 -1.7e+308 -1.7e+308 574 577 578 579 578 578 576 573 568 564 556 548 537 525 514 506 499 494 492 494 499 506 513 524 533 543 550 554 555 555 556 554 554 553 553 551 549 545
525 526 526 528 529 531 533 537 -1.7e+308 -1.7e+308 -1.7e+308 -1.7e+308 -1.7e+308 -1.7e+308 -1.7e+308 -1.7e+308 -1.7e+308 -1.7e+308 -1.7e+308 -1.7e+308 -1.7e+308 -1.7e+308 -1.7e+308 -1.7e+308 -1.7e+308 -1.7e+308 -1.7e+308 -1.7e+308 -1.7e+308 575 576 579 579 579 577 574 569 564 554 542 528 514 501 490 482 478 478 482 489 498 508 519 530 542 549 554 557 558 558 554 554 553 552 547 547 544
523 524 525 528 529 531 -1.7e+308 -1.7e+308 -1.7e+308 -1.7e+308 -1.7e+308 -1.7e+308 -1.7e+308 -1.7e+308 -1.7e+308 -1.7e+308 -1.7e+308 -1.7e+308 -1.7e+308 -1.7e+308 -1.7e+308 -1.7e+308 -1.7e+308 -1.7e+308 -1.7e+308 -1.7e+308 -1.7e+308 -1.7e+308 -1.7e+308 -1.7e+308 577 580 580 580 579 577 572 567 554 539 520 503 486 472 463 460 462 470 479 491 503 517 530 544 555 558 560 560 559 555 555 553 551 547 546 543
-1.7e+308 520 521 523 -1.7e+308 -1.7e+308 -1.7e+308 -1.7e+308 -1.7e+308 -1.7e+308 -1.7e+308 -1.7e+308 -1.7e+308 -1.7e+308 -1.7e+308 -1.7e+308 -1.7e+308 -1.7e+308 -1.7e+308 -1.7e+308 -1.7e+308 -1.7e+308 -1.7e+308 -1.7e+308 -1.7e+308 -1.7e+308 -1.7e+308 -1.7e+308 -1.7e+308 -1.7e+308 -1.7e+308 576 578 578 578 577 573 566 553 534 512 487 464 448 439 438 443 453 466 480 495 511 527 542 554 558 558 557 556 553 553 548 547 544 543 539
