MaxEnt_Example/FutureLayers/bio17.asc
NCOLS 182 
NROWS 155 
XLLCORNER -87.625 
YLLCORNER 24.5416666666667 
CELLSIZE 0.0416666666666666 
NODATA_value -1.7e+308 
[rows 0 to 28 of 155, columns 0 to 65 of 182]
-169999999999999993883079578865998174333346074304075874502773119193537729178160565864330091787584707988572262467983188919169916105593357174268369962062473635296474636515660464935663040684957844303524367815028553272712298986386310828644513212353921123253311675499856875650512437415429217994623324794855339589632.000000000000000 357 355 356 355 354 353 352 348 346 347 351 351 351 350 348 347 347 346 344 343 341 341 342 341 340 341 341 341 341 340 340 338 336 333 332 329 326 324 322 320 317 313 310 310 309 308 308 306 307 306 306 304 304 303 303 303 301 301 301 299 298 297 -1.7e+308 -1.7e+308 -1.7e+308
-1.7e+308 356 355 355 354 354 352 350 347 348 352 352 350 351 349 346 344 344 343 342 341 340 340 341 340 339 340 341 340 339 339 338 338 338 334 334 331 329 327 324 321 319 315 314 312 311 310 310 309 307 306 307 306 306 305 304 303 301 301 301 300 298 296 -1.7e+308 -1.7e+308 -1.7e+308
355 354 354 355 354 353 351 349 347 353 353 352 349 350 349 345 343 342 342 341 341 339 339 340 339 337 339 340 338 339 338 339 339 338 336 335 335 334 331 326 323 320 318 316 315 313 312 312 311 308 308 308 308 308 306 305 304 302 302 302 301 300 298 296 -1.7e+308 -1.7e+308
353 353 354 354 353 351 351 347 347 352 352 351 348 347 345 343 341 340 340 340 339 338 339 340 336 337 339 337 336 336 337 338 338 337 337 337 336 335 331 329 327 322 319 318 317 316 315 314 312 311 310 309 309 309 307 306 305 304 302 303 301 300 299 297 295 -1.7e+308
-1.7e+308 352 353 353 352 350 348 346 347 350 351 352 349 344 341 342 341 338 340 339 337 338 339 337 336 338 338 336 336 336 337 336 337 338 338 338 338 335 334 331 328 325 322 321 320 320 318 317 314 313 312 312 312 312 311 308 307 305 305 304 302 300 299 298 296 -1.7e+308
-1.7e+308 -1.7e+308 351 350 349 350 348 344 345 350 350 350 349 345 339 337 339 336 337 336 335 338 338 335 335 337 334 335 335 336 336 338 337 337 338 340 339 337 334 333 328 327 324 323 322 322 321 317 316 316 315 315 313 313 312 311 309 307 305 305 303 302 300 297 296 -1.7e+308
-1.7e+308 -1.7e+308 -1.7e+308 348 348 349 349 345 343 347 348 346 345 342 338 335 336 334 335 335 335 337 336 333 334 334 333 335 336 337 337 339 339 339 339 341 340 340 337 333 330 328 326 326 325 324 323 321 319 319 320 319 317 315 314 312 310 310 307 306 305 304 302 302 300 297
-1.7e+308 -1.7e+308 -1.7e+308 -1.7e+308 -1.7e+308 345 347 345 341 344 346 344 342 339 335 332 332 333 334 335 334 332 331 331 331 331 332 332 333 335 336 336 337 337 337 339 338 339 338 336 332 329 327 328 327 326 324 322 322 321 322 322 319 318 315 313 310 310 308 306 304 304 303 301 300 299
-1.7e+308 -1.7e+308 -1.7e+308 -1.7e+308 -1.7e+308 -1.7e+308 344 344 340 341 342 342 339 338 333 333 334 334 333 332 332 333 333 332 334 333 333 334 334 335 335 336 336 338 337 338 340 338 337 335 333 331 330 331 329 328 327 326 325 325 325 324 324 324 321 318 316 315 310 308 307 307 305 304 302 300
-1.7e+308 -1.7e+308 -1.7e+308 -1.7e+308 -1.7e+308 341 343 342 339 338 337 339 338 334 331 333 333 331 331 333 333 334 333 333 331 331 331 331 332 332 332 334 335 335 335 336 338 338 337 335 334 333 332 331 330 330 330 332 330 329 328 330 329 326 325 322 319 318 311 310 310 307 305 304 302 303
-1.7e+308 -1.7e+308 -1.7e+308 -1.7e+308 -1.7e+308 340 340 340 340 338 335 -1.7e+308 335 333 331 330 330 332 333 334 332 330 328 327 325 324 323 327 329 330 332 333 334 336 335 337 337 339 339 337 336 335 334 337 338 336 334 333 333 333 332 332 330 328 327 323 319 317 313 313 311 307 306 305 308 309
-1.7e+308 -1.7e+308 -1.7e+308 -1.7e+308 338 338 334 336 339 338 336 -1.7e+308 -1.7e+308 331 -1.7e+308 330 332 334 332 329 327 324 321 320 319 318 316 318 322 326 329 332 332 334 334 335 335 337 338 338 337 335 335 338 338 337 335 335 333 333 332 332 332 331 328 325 321 318 314 312 310 308 306 307 308 309
-1.7e+308 -1.7e+308 -1.7e+308 -1.7e+308 -1.7e+308 332 328 331 335 336 336 -1.7e+308 -1.7e+308 331 -1.7e+308 -1.7e+308 330 330 328 325 322 319 316 315 313 312 311 -1.7e+308 319 323 326 332 -1.7e+308 333 334 335 336 336 337 337 337 338 338 339 340 340 340 338 336 337 336 337 336 334 330 328 326 322 316 313 311 310 308 310 311 312
-1.7e+308 -1.7e+308 -1.7e+308 -1.7e+308 -1.7e+308 -1.7e+308 -1.7e+308 328 331 333 333 -1.7e+308 -1.7e+308 -1.7e+308 -1.7e+308 -1.7e+308 325 324 322 320 317 314 311 310 309 309 -1.7e+308 -1.7e+308 -1.7e+308 -1.7e+308 -1.7e+308 -1.7e+308 -1.7e+308 -1.7e+308 -1.7e+308 334 335 336 336 337 336 340 339 341 341 341 340 340 339 338 337 338 338 336 332 329 326 323 317 314 312 309 307 310 311 311
-1.7e+308 -1.7e+308 -1.7e+308 -1.7e+308 -1.7e+308 329 327 328 328 -1.7e+308 -1.7e+308 -1.7e+308 -1.7e+308 328 327 326 -1.7e+308 -1.7e+308 -1.7e+308 -1.7e+308 -1.7e+308 312 310 -1.7e+308 308 -1.7e+308 -1.7e+308 310 313 318 -1.7e+308 325 328 332 -1.7e+308 -1.7e+308 335 337 338 338 338 340 341 343 344 343 343 342 342 341 340 340 338 338 335 333 329 326 320 316 313 312 312 313 313 313
-1.7e+308 -1.7e+308 -1.7e+308 -1.7e+308 -1.7e+308 329 327 327 326 -1.7e+308 327 -1.7e+308 -1.7e+308 -1.7e+308 324 -1.7e+308 -1.7e+308 -1.7e+308 -1.7e+308 -1.7e+308 -1.7e+308 -1.7e+308 -1.7e+308 -1.7e+308 -1.7e+308 -1.7e+308 -1.7e+308 -1.7e+308 -1.7e+308 -1.7e+308 -1.7e+308 -1.7e+308 -1.7e+308 331 334 334 336 337 338 339 340 342 342 343 343 344 344 343 341 341 341 340 339 337 335 334 331 327 323 320 317 315 314 315 314 313
-1.7e+308 -1.7e+308 -1.7e+308 331 -1.7e+308 -1.7e+308 328 -1.7e+308 -1.7e+308 -1.7e+308 -1.7e+308 -1.7e+308 -1.7e+308 -1.7e+308 -1.7e+308 -1.7e+308 -1.7e+308 -1.7e+308 -1.7e+308 -1.7e+308 -1.7e+308 -1.7e+308 -1.7e+308 -1.7e+308 -1.7e+308 -1.7e+308 -1.7e+308 -1.7e+308 -1.7e+308 -1.7e+308 -1.7e+308 -1.7e+308 -1.7e+308 -1.7e+308 -1.7e+308 -1.7e+308 337 338 339 340 341 342 343 344 344 346 346 346 343 343 342 342 340 340 338 337 335 332 329 325 323 320 319 319 318 318
-1.7e+308 -1.7e+308 -1.7e+308 -1.7e+308 -1.7e+308 -1.7e+308 -1.7e+308 -1.7e+308 -1.7e+308 -1.7e+308 -1.7e+308 -1.7e+308 -1.7e+308 -1.7e+308 -1.7e+308 -1.7e+308 -1.7e+308 -1.7e+308 -1.7e+308 -1.7e+308 -1.7e+308 -1.7e+308 -1.7e+308 -1.7e+308 -1.7e+308 -1.7e+308 -1.7e+308 -1.7e+308 -1.7e+308 -1.7e+308 -1.7e+308 -1.7e+308 -1.7e+308 -1.7e+308 -1.7e+308 -1.7e+308 -1.7e+308 -1.7e+308 -1.7e+308 339 340 342 343 -1.7e+308 -1.7e+308 346 346 346 343 343 342 342 341 340 339 339 338 335 333 330 327 324 322 322 321 320
-1.7e+308 -1.7e+308 -1.7e+308 -1.7e+308 -1.7e+308 -1.7e+308 -1.7e+308 -1.7e+308 -1.7e+308 -1.7e+308 -1.7e+308 -1.7e+308 -1.7e+308 -1.7e+308 -1.7e+308 -1.7e+308 -1.7e+308 -1.7e+308 -1.7e+308 -1.7e+308 -1.7e+308 -1.7e+308 -1.7e+308 -1.7e+308 -1.7e+308 -1.7e+308 -1.7e+308 -1.7e+308 -1.7e+308 -1.7e+308 -1.7e+308 -1.7e+308 -1.7e+308 -1.7e+308 -1.7e+308 -1.7e+308 -1.7e+308 -1.7e+308 -1.7e+308 -1.7e+308 -1.7e+308 344 343 345 346 -1.7e+308 -1.7e+308 347 345 345 343 343 342 343 342 343 343 341 338 336 333 330 327 325 324 323
-1.7e+308 -1.7e+308 -1.7e+308 -1.7e+308 -1.7e+308 -1.7e+308 -1.7e+308 -1.7e+308 -1.7e+308 -1.7e+308 -1.7e+308 -1.7e+308 -1.7e+308 -1.7e+308 -1.7e+308 -1.7e+308 -1.7e+308 -1.7e+308 -1.7e+308 -1.7e+308 -1.7e+308 -1.7e+308 -1.7e+308 -1.7e+308 -1.7e+308 -1.7e+308 -1.7e+308 -1.7e+308 -1.7e+308 -1.7e+308 -1.7e+308 -1.7e+308 -1.7e+308 -1.7e+308 -1.7e+308 -1.7e+308 -1.7e+308 -1.7e+308 -1.7e+308 -1.7e+308 -1.7e+308 -1.7e+308 -1.7e+308 344 344 -1.7e+308 347 346 344 342 341 341 341 342 343 346 346 344 342 341 337 334 331 328 325 324
-1.7e+308 -1.7e+308 -1.7e+308 -1.7e+308 -1.7e+308 -1.7e+308 -1.7e+308 -1.7e+308 -1.7e+308 -1.7e+308 -1.7e+308 -1.7e+308 -1.7e+308 -1.7e+308 -1.7e+308 -1.7e+308 -1.7e+308 -1.7e+308 -1.7e+308 -1.7e+308 -1.7e+308 -1.7e+308 -1.7e+308 -1.7e+308 -1.7e+308 -1.7e+308 -1.7e+308 -1.7e+308 -1.7e+308 -1.7e+308 -1.7e+308 -1.7e+308 -1.7e+308 -1.7e+308 -1.7e+308 -1.7e+308 -1.7e+308 -1.7e+308 -1.7e+308 -1.7e+308 -1.7e+308 -1.7e+308 -1.7e+308 -1.7e+308 -1.7e+308 339 -1.7e+308 339 336 335 336 340 342 344 345 348 350 350 349 346 342 338 333 331 329 326
-1.7e+308 -1.7e+308 -1.7e+308 -1.7e+308 -1.7e+308 -1.7e+308 -1.7e+308 -1.7e+308 -1.7e+308 -1.7e+308 -1.7e+308 -1.7e+308 -1.7e+308 -1.7e+308 -1.7e+308 -1.7e+308 -1.7e+308 -1.7e+308 -1.7e+308 -1.7e+308 -1.7e+308 -1.7e+308 -1.7e+308 -1.7e+308 -1.7e+308 -1.7e+308 -1.7e+308 -1.7e+308 -1.7e+308 -1.7e+308 -1.7e+308 -1.7e+308 -1.7e+308 -1.7e+308 -1.7e+308 -1.7e+308 -1.7e+308 -1.7e+308 -1.7e+308 -1.7e+308 -1.7e+308 -1.7e+308 -1.7e+308 -1.7e+308 -1.7e+308 -1.7e+308 -1.7e+308 330 -1.7e+308 -1.7e+308 331 333 337 339 344 347 350 353 353 350 344 339 335 332 330 327
-1.7e+308 -1.7e+308 -1.7e+308 -1.7e+308 -1.7e+308 -1.7e+308 -1.7e+308 -1.7e+308 -1.7e+308 -1.7e+308 -1.7e+308 -1.7e+308 -1.7e+308 -1.7e+308 -1.7e+308 -1.7e+308 -1.7e+308 -1.7e+308 -1.7e+308 -1.7e+308 -1.7e+308 -1.7e+308 -1.7e+308 -1.7e+308 -1.7e+308 -1.7e+308 -1.7e+308 -1.7e+308 -1.7e+308 -1.7e+308 -1.7e+308 -1.7e+308 -1.7e+308 -1.7e+308 -1.7e+308 -1.7e+308 -1.7e+308 -1.7e+308 -1.7e+308 -1.7e+308 -1.7e+308 -1.7e+308 -1.7e+308 -1.7e+308 -1.7e+308 -1.7e+308 -1.7e+308 -1.7e+308 321 322 -1.7e+308 328 -1.7e+308 335 338 341 344 348 350 349 346 340 336 334 331 328
-1.7e+308 -1.7e+308 -1.7e+308 -1.7e+308 -1.7e+308 -1.7e+308 -1.7e+308 -1.7e+308 -1.7e+308 -1.7e+308 -1.7e+308 -1.7e+308 -1.7e+308 -1.7e+308 -1.7e+308 -1.7e+308 -1.7e+308 -1.7e+308 -1.7e+308 -1.7e+308 -1.7e+308 -1.7e+308 -1.7e+308 -1.7e+308 -1.7e+308 -1.7e+308 -1.7e+308 -1.7e+308 -1.7e+308 -1.7e+308 -1.7e+308 -1.7e+308 -1.7e+308 -1.7e+308 -1.7e+308 -1.7e+308 -1.7e+308 -1.7e+308 -1.7e+308 -1.7e+308 -1.7e+308 -1.7e+308 -1.7e+308 -1.7e+308 -1.7e+308 -1.7e+308 -1.7e+308 -1.7e+308 -1.7e+308 -1.7e+308 321 323 -1.7e+308 330 333 336 339 342 343 344 344 339 336 334 331 328
-1.7e+308 -1.7e+308 -1.7e+308 -1.7e+308 -1.7e+308 -1.7e+308 -1.7e+308 -1.7e+308 -1.7e+308 -1.7e+308 -1.7e+308 -1.7e+308 -1.7e+308 -1.7e+308 -1.7e+308 -1.7e+308 -1.7e+308 -1.7e+308 -1.7e+308 -1.7e+308 -1.7e+308 -1.7e+308 -1.7e+308 -1.7e+308 -1.7e+308 -1.7e+308 -1.7e+308 -1.7e+308 -1.7e+308 -1.7e+308 -1.7e+308 -1.7e+308 -1.7e+308 -1.7e+308 -1.7e+308 -1.7e+308 -1.7e+308 -1.7e+308 -1.7e+308 -1.7e+308 -1.7e+308 -1.7e+308 -1.7e+308 -1.7e+308 -1.7e+308 -1.7e+308 -1.7e+308 -1.7e+308 -1.7e+308 -1.7e+308 -1.7e+308 319 321 324 326 330 332 335 336 337 337 337 337 334 331 329
-1.7e+308 -1.7e+308 -1.7e+308 -1.7e+308 -1.7e+308 -1.7e+308 -1.7e+308 -1.7e+308 -1.7e+308 -1.7e+308 -1.7e+308 -1.7e+308 -1.7e+308 -1.7e+308 -1.7e+308 -1.7e+308 -1.7e+308 -1.7e+308 -1.7e+308 -1.7e+308 -1.7e+308 -1.7e+308 -1.7e+308 -1.7e+308 -1.7e+308 -1.7e+308 -1.7e+308 -1.7e+308 -1.7e+308 -1.7e+308 -1.7e+308 -1.7e+308 -1.7e+308 -1.7e+308 -1.7e+308 -1.7e+308 -1.7e+308 -1.7e+308 -1.7e+308 -1.7e+308 -1.7e+308 -1.7e+308 -1.7e+308 -1.7e+308 -1.7e+308 -1.7e+308 -1.7e+308 -1.7e+308 -1.7e+308 -1.7e+308 -1.7e+308 -1.7e+308 -1.7e+308 321 322 325 327 328 328 330 330 331 332 332 330 328
-1.7e+308 -1.7e+308 -1.7e+308 -1.7e+308 -1.7e+308 -1.7e+308 -1.7e+308 -1.7e+308 -1.7e+308 -1.7e+308 -1.7e+308 -1.7e+308 -1.7e+308 -1.7e+308 -1.7e+308 -1.7e+308 -1.7e+308 -1.7e+308 -1.7e+308 -1.7e+308 -1.7e+308 -1.7e+308 -1.7e+308 -1.7e+308 -1.7e+308 -1.7e+308 -1.7e+308 -1.7e+308 -1.7e+308 -1.7e+308 -1.7e+308 -1.7e+308 -1.7e+308 -1.7e+308 -1.7e+308 -1.7e+308 -1.7e+308 -1.7e+308 -1.7e+308 -1.7e+308 -1.7e+308 -1.7e+308 -1.7e+308 -1.7e+308 -1.7e+308 -1.7e+308 -1.7e+308 -1.7e+308 -1.7e+308 -1.7e+308 -1.7e+308 -1.7e+308 -1.7e+308 -1.7e+308 317 318 319 322 322 323 323 323 324 325 327 327
-1.7e+308 -1.7e+308 -1.7e+308 -1.7e+308 -1.7e+308 -1.7e+308 -1.7e+308 -1.7e+308 -1.7e+308 -1.7e+308 -1.7e+308 -1.7e+308 -1.7e+308 -1.7e+308 -1.7e+308 -1.7e+308 -1.7e+308 -1.7e+308 -1.7e+308 -1.7e+308 -1.7e+308 -1.7e+308 -1.7e+308 -1.7e+308 -1.7e+308 -1.7e+308 -1.7e+308 -1.7e+308 -1.7e+308 -1.7e+308 -1.7e+308 -1.7e+308 -1.7e+308 -1.7e+308 -1.7e+308 -1.7e+308 -1.7e+308 -1.7e+308 -1.7e+308 -1.7e+308 -1.7e+308 -1.7e+308 -1.7e+308 -1.7e+308 -1.7e+308 -1.7e+308 -1.7e+308 -1.7e+308 -1.7e+308 -1.7e+308 -1.7e+308 -1.7e+308 -1.7e+308 -1.7e+308 -1.7e+308 314 314 316 316 317 316 317 318 319 320 322
-1.7e+308 -1.7e+308 -1.7e+308 -1.7e+308 -1.7e+308 -1.7e+308 -1.7e+308 -1.7e+308 -1.7e+308 -1.7e+308 -1.7e+308 -1.7e+308 -1.7e+308 -1.7e+308 -1.7e+308 -1.7e+308 -1.7e+308 -1.7e+308 -1.7e+308 -1.7e+308 -1.7e+308 -1.7e+308 -1.7e+308 -1.7e+308 -1.7e+308 -1.7e+308 -1.7e+308 -1.7e+308 -1.7e+308 -1.7e+308 -1.7e+308 -1.7e+308 -1.7e+308 -1.7e+308 -1.7e+308 -1.7e+308 -1.7e+308 -1.7e+308 -1.7e+308 -1.7e+308 -1.7e+308 -1.7e+308 -1.7e+308 -1.7e+308 -1.7e+308 -1.7e+308 -1.7e+308 -1.7e+308 -1.7e+308 -1.7e+308 -1.7e+308 -1.7e+308 -1.7e+308 -1.7e+308 -1.7e+308 -1.7e+308 309 309 309 310 310 311 311 312 313 315
