MaxEnt_Example/FutureLayers/bio18.asc
NCOLS 182 
NROWS 155 
XLLCORNER -87.625 
YLLCORNER 24.5416666666667 
CELLSIZE 0.0416666666666666 
NODATA_value -1.7e+308 
[rows 0 to 28 of 155, columns 0 to 65 of 182]
-169999999999999993883079578865998174333346074304075874502773119193537729178160565864330091787584707988572262467983188919169916105593357174268369962062473635296474636515660464935663040684957844303524367815028553272712298986386310828644513212353921123253311675499856875650512437415429217994623324794855339589632.000000000000000 462 462 464 465 465 465 467 464 464 467 472 474 474 472 471 470 470 468 466 465 463 463 463 462 461 462 463 464 464 465 466 466 465 464 464 461 459 456 454 452 449 445 442 440 438 435 435 432 431 428 428 426 427 425 424 423 423 422 423 422 420 418 -1.7e+308 -1.7e+308 -1.7e+308
-1.7e+308 467 466 468 469 470 470 471 468 472 478 480 478 480 479 476 474 473 472 471 470 467 467 466 465 465 467 469 469 469 471 472 473 474 472 474 472 470 467 464 460 457 452 450 448 446 443 442 440 438 436 435 433 434 432 431 429 430 429 429 427 425 424 -1.7e+308 -1.7e+308 -1.7e+308
467 469 468 470 470 470 471 470 471 480 482 483 482 483 482 479 477 476 476 473 473 470 470 471 470 467 470 472 471 474 475 478 479 480 481 482 482 481 477 471 467 464 461 458 456 453 451 450 447 444 443 443 442 440 438 437 436 437 436 434 433 432 430 430 -1.7e+308 -1.7e+308
470 471 473 473 473 473 475 472 476 484 487 488 487 487 485 483 481 479 478 478 477 474 475 475 472 473 475 475 476 478 481 483 486 488 490 492 491 490 485 482 478 474 469 467 464 461 459 458 454 452 450 450 448 448 446 443 442 443 442 441 439 438 436 436 434 -1.7e+308
-1.7e+308 470 472 472 473 473 474 472 476 484 489 492 491 487 484 485 483 480 481 478 476 477 479 475 475 478 478 478 480 481 484 487 490 494 496 499 499 497 494 490 485 481 476 474 472 471 468 465 461 460 458 456 455 455 454 453 451 450 449 447 445 445 443 441 439 -1.7e+308
-1.7e+308 -1.7e+308 473 473 473 476 475 474 478 487 491 494 495 493 488 486 486 483 482 481 479 481 481 478 477 481 480 482 484 486 489 493 496 500 504 507 508 505 501 498 491 488 484 482 479 479 476 472 469 469 468 465 463 463 461 462 460 457 456 456 453 452 449 448 446 -1.7e+308
-1.7e+308 -1.7e+308 -1.7e+308 469 470 473 475 472 474 483 488 491 493 491 490 485 486 480 480 479 480 480 479 476 478 480 480 483 486 490 494 498 500 505 509 514 515 513 507 502 498 493 490 488 486 484 481 479 476 477 476 475 471 471 469 467 465 464 461 462 459 458 456 457 456 452
-1.7e+308 -1.7e+308 -1.7e+308 -1.7e+308 -1.7e+308 470 474 474 473 480 487 488 490 491 488 485 484 482 483 483 481 479 477 477 478 480 482 485 487 492 496 501 504 506 510 514 516 516 513 510 504 499 496 495 493 492 488 486 484 485 485 484 481 480 477 475 472 470 468 467 465 465 463 463 462 459
-1.7e+308 -1.7e+308 -1.7e+308 -1.7e+308 -1.7e+308 -1.7e+308 467 470 470 474 481 484 485 486 481 482 483 483 481 479 478 479 479 479 481 482 484 487 489 494 496 500 504 508 509 514 516 515 513 510 507 504 502 500 497 497 494 493 492 492 492 490 490 491 487 484 482 481 474 473 472 471 470 469 467 465
-1.7e+308 -1.7e+308 -1.7e+308 -1.7e+308 -1.7e+308 461 465 468 469 471 475 481 483 481 480 481 482 480 480 481 482 482 482 482 483 482 483 487 490 493 496 501 505 507 510 515 517 517 516 513 511 509 507 506 504 504 504 505 503 503 501 502 500 500 498 495 490 490 483 482 481 478 475 475 473 474
-1.7e+308 -1.7e+308 -1.7e+308 -1.7e+308 -1.7e+308 456 458 461 465 467 468 -1.7e+308 476 475 474 476 477 478 479 479 479 480 479 479 479 480 480 484 488 490 494 499 502 507 509 513 514 516 516 515 514 512 511 513 512 512 510 509 508 510 510 509 507 507 504 500 495 493 488 487 484 482 479 478 481 484
-1.7e+308 -1.7e+308 -1.7e+308 -1.7e+308 450 452 451 455 462 467 471 -1.7e+308 -1.7e+308 473 -1.7e+308 476 479 480 480 479 479 479 478 478 478 480 479 481 485 488 493 498 501 506 509 512 514 516 517 518 516 516 515 517 516 518 516 516 514 515 516 516 515 516 513 509 504 500 495 492 489 488 484 486 487 490
-1.7e+308 -1.7e+308 -1.7e+308 -1.7e+308 -1.7e+308 442 441 447 454 461 466 -1.7e+308 -1.7e+308 469 -1.7e+308 -1.7e+308 474 474 476 476 474 476 474 475 474 474 474 -1.7e+308 481 487 491 496 -1.7e+308 502 505 509 512 514 515 516 516 517 519 519 519 520 520 520 519 521 521 523 523 523 519 515 510 506 500 496 493 491 488 492 493 494
-1.7e+308 -1.7e+308 -1.7e+308 -1.7e+308 -1.7e+308 -1.7e+308 -1.7e+308 443 450 457 462 -1.7e+308 -1.7e+308 -1.7e+308 -1.7e+308 -1.7e+308 471 472 473 472 473 475 474 474 474 473 -1.7e+308 -1.7e+308 -1.7e+308 -1.7e+308 -1.7e+308 -1.7e+308 -1.7e+308 -1.7e+308 -1.7e+308 509 511 514 516 518 518 520 521 523 524 526 525 525 526 527 527 530 531 530 526 522 517 513 506 502 497 496 494 498 498 499
-1.7e+308 -1.7e+308 -1.7e+308 -1.7e+308 -1.7e+308 434 434 438 441 -1.7e+308 -1.7e+308 -1.7e+308 -1.7e+308 463 464 466 -1.7e+308 -1.7e+308 -1.7e+308 -1.7e+308 -1.7e+308 470 470 -1.7e+308 471 -1.7e+308 -1.7e+308 477 481 485 -1.7e+308 493 495 501 -1.7e+308 -1.7e+308 509 511 514 517 519 521 522 526 526 527 527 529 529 529 529 534 533 533 530 527 521 518 511 506 501 500 499 503 503 504
-1.7e+308 -1.7e+308 -1.7e+308 -1.7e+308 -1.7e+308 434 433 435 438 -1.7e+308 451 -1.7e+308 -1.7e+308 -1.7e+308 462 -1.7e+308 -1.7e+308 -1.7e+308 -1.7e+308 -1.7e+308 -1.7e+308 -1.7e+308 -1.7e+308 -1.7e+308 -1.7e+308 -1.7e+308 -1.7e+308 -1.7e+308 -1.7e+308 -1.7e+308 -1.7e+308 -1.7e+308 -1.7e+308 502 505 508 510 513 515 520 521 523 525 528 529 530 531 533 532 532 533 536 536 536 533 531 527 524 519 515 510 509 507 509 509 510
-1.7e+308 -1.7e+308 -1.7e+308 432 -1.7e+308 -1.7e+308 429 -1.7e+308 -1.7e+308 -1.7e+308 -1.7e+308 -1.7e+308 -1.7e+308 -1.7e+308 -1.7e+308 -1.7e+308 -1.7e+308 -1.7e+308 -1.7e+308 -1.7e+308 -1.7e+308 -1.7e+308 -1.7e+308 -1.7e+308 -1.7e+308 -1.7e+308 -1.7e+308 -1.7e+308 -1.7e+308 -1.7e+308 -1.7e+308 -1.7e+308 -1.7e+308 -1.7e+308 -1.7e+308 -1.7e+308 508 511 514 516 518 522 524 525 526 532 533 532 531 532 532 534 534 536 536 534 532 530 525 522 519 516 513 515 514 515
-1.7e+308 -1.7e+308 -1.7e+308 -1.7e+308 -1.7e+308 -1.7e+308 -1.7e+308 -1.7e+308 -1.7e+308 -1.7e+308 -1.7e+308 -1.7e+308 -1.7e+308 -1.7e+308 -1.7e+308 -1.7e+308 -1.7e+308 -1.7e+308 -1.7e+308 -1.7e+308 -1.7e+308 -1.7e+308 -1.7e+308 -1.7e+308 -1.7e+308 -1.7e+308 -1.7e+308 -1.7e+308 -1.7e+308 -1.7e+308 -1.7e+308 -1.7e+308 -1.7e+308 -1.7e+308 -1.7e+308 -1.7e+308 -1.7e+308 -1.7e+308 -1.7e+308 516 518 523 523 -1.7e+308 -1.7e+308 535 536 534 532 533 533 536 536 538 539 541 539 539 535 532 528 525 522 522 521 522
-1.7e+308 -1.7e+308 -1.7e+308 -1.7e+308 -1.7e+308 -1.7e+308 -1.7e+308 -1.7e+308 -1.7e+308 -1.7e+308 -1.7e+308 -1.7e+308 -1.7e+308 -1.7e+308 -1.7e+308 -1.7e+308 -1.7e+308 -1.7e+308 -1.7e+308 -1.7e+308 -1.7e+308 -1.7e+308 -1.7e+308 -1.7e+308 -1.7e+308 -1.7e+308 -1.7e+308 -1.7e+308 -1.7e+308 -1.7e+308 -1.7e+308 -1.7e+308 -1.7e+308 -1.7e+308 -1.7e+308 -1.7e+308 -1.7e+308 -1.7e+308 -1.7e+308 -1.7e+308 -1.7e+308 520 522 525 527 -1.7e+308 -1.7e+308 534 530 530 529 532 534 538 539 543 544 545 542 541 536 532 529 527 526 524
-1.7e+308 -1.7e+308 -1.7e+308 -1.7e+308 -1.7e+308 -1.7e+308 -1.7e+308 -1.7e+308 -1.7e+308 -1.7e+308 -1.7e+308 -1.7e+308 -1.7e+308 -1.7e+308 -1.7e+308 -1.7e+308 -1.7e+308 -1.7e+308 -1.7e+308 -1.7e+308 -1.7e+308 -1.7e+308 -1.7e+308 -1.7e+308 -1.7e+308 -1.7e+308 -1.7e+308 -1.7e+308 -1.7e+308 -1.7e+308 -1.7e+308 -1.7e+308 -1.7e+308 -1.7e+308 -1.7e+308 -1.7e+308 -1.7e+308 -1.7e+308 -1.7e+308 -1.7e+308 -1.7e+308 -1.7e+308 -1.7e+308 524 526 -1.7e+308 531 530 526 525 525 530 533 538 542 548 551 555 553 551 546 541 536 534 531 529
-1.7e+308 -1.7e+308 -1.7e+308 -1.7e+308 -1.7e+308 -1.7e+308 -1.7e+308 -1.7e+308 -1.7e+308 -1.7e+308 -1.7e+308 -1.7e+308 -1.7e+308 -1.7e+308 -1.7e+308 -1.7e+308 -1.7e+308 -1.7e+308 -1.7e+308 -1.7e+308 -1.7e+308 -1.7e+308 -1.7e+308 -1.7e+308 -1.7e+308 -1.7e+308 -1.7e+308 -1.7e+308 -1.7e+308 -1.7e+308 -1.7e+308 -1.7e+308 -1.7e+308 -1.7e+308 -1.7e+308 -1.7e+308 -1.7e+308 -1.7e+308 -1.7e+308 -1.7e+308 -1.7e+308 -1.7e+308 -1.7e+308 -1.7e+308 -1.7e+308 521 -1.7e+308 520 514 513 515 522 528 535 540 548 554 561 561 557 550 546 540 536 533 531
-1.7e+308 -1.7e+308 -1.7e+308 -1.7e+308 -1.7e+308 -1.7e+308 -1.7e+308 -1.7e+308 -1.7e+308 -1.7e+308 -1.7e+308 -1.7e+308 -1.7e+308 -1.7e+308 -1.7e+308 -1.7e+308 -1.7e+308 -1.7e+308 -1.7e+308 -1.7e+308 -1.7e+308 -1.7e+308 -1.7e+308 -1.7e+308 -1.7e+308 -1.7e+308 -1.7e+308 -1.7e+308 -1.7e+308 -1.7e+308 -1.7e+308 -1.7e+308 -1.7e+308 -1.7e+308 -1.7e+308 -1.7e+308 -1.7e+308 -1.7e+308 -1.7e+308 -1.7e+308 -1.7e+308 -1.7e+308 -1.7e+308 -1.7e+308 -1.7e+308 -1.7e+308 -1.7e+308 508 -1.7e+308 -1.7e+308 511 516 524 533 540 549 557 566 569 563 554 549 544 539 535 535
-1.7e+308 -1.7e+308 -1.7e+308 -1.7e+308 -1.7e+308 -1.7e+308 -1.7e+308 -1.7e+308 -1.7e+308 -1.7e+308 -1.7e+308 -1.7e+308 -1.7e+308 -1.7e+308 -1.7e+308 -1.7e+308 -1.7e+308 -1.7e+308 -1.7e+308 -1.7e+308 -1.7e+308 -1.7e+308 -1.7e+308 -1.7e+308 -1.7e+308 -1.7e+308 -1.7e+308 -1.7e+308 -1.7e+308 -1.7e+308 -1.7e+308 -1.7e+308 -1.7e+308 -1.7e+308 -1.7e+308 -1.7e+308 -1.7e+308 -1.7e+308 -1.7e+308 -1.7e+308 -1.7e+308 -1.7e+308 -1.7e+308 -1.7e+308 -1.7e+308 -1.7e+308 -1.7e+308 -1.7e+308 489 492 -1.7e+308 511 -1.7e+308 527 534 544 552 560 562 559 552 547 542 538 535 533
-1.7e+308 -1.7e+308 -1.7e+308 -1.7e+308 -1.7e+308 -1.7e+308 -1.7e+308 -1.7e+308 -1.7e+308 -1.7e+308 -1.7e+308 -1.7e+308 -1.7e+308 -1.7e+308 -1.7e+308 -1.7e+308 -1.7e+308 -1.7e+308 -1.7e+308 -1.7e+308 -1.7e+308 -1.7e+308 -1.7e+308 -1.7e+308 -1.7e+308 -1.7e+308 -1.7e+308 -1.7e+308 -1.7e+308 -1.7e+308 -1.7e+308 -1.7e+308 -1.7e+308 -1.7e+308 -1.7e+308 -1.7e+308 -1.7e+308 -1.7e+308 -1.7e+308 -1.7e+308 -1.7e+308 -1.7e+308 -1.7e+308 -1.7e+308 -1.7e+308 -1.7e+308 -1.7e+308 -1.7e+308 -1.7e+308 -1.7e+308 498 507 -1.7e+308 524 531 541 547 554 555 554 550 546 541 539 536 533
-1.7e+308 -1.7e+308 -1.7e+308 -1.7e+308 -1.7e+308 -1.7e+308 -1.7e+308 -1.7e+308 -1.7e+308 -1.7e+308 -1.7e+308 -1.7e+308 -1.7e+308 -1.7e+308 -1.7e+308 -1.7e+308 -1.7e+308 -1.7e+308 -1.7e+308 -1.7e+308 -1.7e+308 -1.7e+308 -1.7e+308 -1.7e+308 -1.7e+308 -1.7e+308 -1.7e+308 -1.7e+308 -1.7e+308 -1.7e+308 -1.7e+308 -1.7e+308 -1.7e+308 -1.7e+308 -1.7e+308 -1.7e+308 -1.7e+308 -1.7e+308 -1.7e+308 -1.7e+308 -1.7e+308 -1.7e+308 -1.7e+308 -1.7e+308 -1.7e+308 -1.7e+308 -1.7e+308 -1.7e+308 -1.7e+308 -1.7e+308 -1.7e+308 502 509 518 525 532 538 543 544 545 542 541 537 535 532 532
-1.7e+308 -1.7e+308 -1.7e+308 -1.7e+308 -1.7e+308 -1.7e+308 -1.7e+308 -1.7e+308 -1.7e+308 -1.7e+308 -1.7e+308 -1.7e+308 -1.7e+308 -1.7e+308 -1.7e+308 -1.7e+308 -1.7e+308 -1.7e+308 -1.7e+308 -1.7e+308 -1.7e+308 -1.7e+308 -1.7e+308 -1.7e+308 -1.7e+308 -1.7e+308 -1.7e+308 -1.7e+308 -1.7e+308 -1.7e+308 -1.7e+308 -1.7e+308 -1.7e+308 -1.7e+308 -1.7e+308 -1.7e+308 -1.7e+308 -1.7e+308 -1.7e+308 -1.7e+308 -1.7e+308 -1.7e+308 -1.7e+308 -1.7e+308 -1.7e+308 -1.7e+308 -1.7e+308 -1.7e+308 -1.7e+308 -1.7e+308 -1.7e+308 -1.7e+308 -1.7e+308 517 522 527 531 537 537 539 536 535 533 532 530 530
-1.7e+308 -1.7e+308 -1.7e+308 -1.7e+308 -1.7e+308 -1.7e+308 -1.7e+308 -1.7e+308 -1.7e+308 -1.7e+308 -1.7e+308 -1.7e+308 -1.7e+308 -1.7e+308 -1.7e+308 -1.7e+308 -1.7e+308 -1.7e+308 -1.7e+308 -1.7e+308 -1.7e+308 -1.7e+308 -1.7e+308 -1.7e+308 -1.7e+308 -1.7e+308 -1.7e+308 -1.7e+308 -1.7e+308 -1.7e+308 -1.7e+308 -1.7e+308 -1.7e+308 -1.7e+308 -1.7e+308 -1.7e+308 -1.7e+308 -1.7e+308 -1.7e+308 -1.7e+308 -1.7e+308 -1.7e+308 -1.7e+308 -1.7e+308 -1.7e+308 -1.7e+308 -1.7e+308 -1.7e+308 -1.7e+308 -1.7e+308 -1.7e+308 -1.7e+308 -1.7e+308 -1.7e+308 515 520 523 526 526 528 527 527 525 525 524 525
-1.7e+308 -1.7e+308 -1.7e+308 -1.7e+308 -1.7e+308 -1.7e+308 -1.7e+308 -1.7e+308 -1.7e+308 -1.7e+308 -1.7e+308 -1.7e+308 -1.7e+308 -1.7e+308 -1.7e+308 -1.7e+308 -1.7e+308 -1.7e+308 -1.7e+308 -1.7e+308 -1.7e+308 -1.7e+308 -1.7e+308 -1.7e+308 -1.7e+308 -1.7e+308 -1.7e+308 -1.7e+308 -1.7e+308 -1.7e+308 -1.7e+308 -1.7e+308 -1.7e+308 -1.7e+308 -1.7e+308 -1.7e+308 -1.7e+308 -1.7e+308 -1.7e+308 -1.7e+308 -1.7e+308 -1.7e+308 -1.7e+308 -1.7e+308 -1.7e+308 -1.7e+308 -1.7e+308 -1.7e+308 -1.7e+308 -1.7e+308 -1.7e+308 -1.7e+308 -1.7e+308 -1.7e+308 -1.7e+308 515 517 519 519 521 520 521 520 520 519 522
-1.7e+308 -1.7e+308 -1.7e+308 -1.7e+308 -1.7e+308 -1.7e+308 -1.7e+308 -1.7e+308 -1.7e+308 -1.7e+308 -1.7e+308 -1.7e+308 -1.7e+308 -1.7e+308 -1.7e+308 -1.7e+308 -1.7e+308 -1.7e+308 -1.7e+308 -1.7e+308 -1.7e+308 -1.7e+308 -1.7e+308 -1.7e+308 -1.7e+308 -1.7e+308 -1.7e+308 -1.7e+308 -1.7e+308 -1.7e+308 -1.7e+308 -1.7e+308 -1.7e+308 -1.7e+308 -1.7e+308 -1.7e+308 -1.7e+308 -1.7e+308 -1.7e+308 -1.7e+308 -1.7e+308 -1.7e+308 -1.7e+308 -1.7e+308 -1.7e+308 -1.7e+308 -1.7e+308 -1.7e+308 -1.7e+308 -1.7e+308 -1.7e+308 -1.7e+308 -1.7e+308 -1.7e+308 -1.7e+308 -1.7e+308 509 511 511 512 510 511 510 512 512 515
