MaxEnt_Example/FutureLayers/bio19.asc
NCOLS 182 
NROWS 155 
XLLCORNER -87.625 
YLLCORNER 24.5416666666667 
CELLSIZE 0.0416666666666666 
NODATA_value -1.7e+308 
[rows 0 to 28 of 155, columns 66 to 131 of 182]
-1.7e+308 -1.7e+308 -1.7e+308 -1.7e+308 -1.7e+308 -1.7e+308 -1.7e+308 -1.7e+308 -1.7e+308 -1.7e+308 -1.7e+308 -1.7e+308 -1.7e+308 -1.7e+308 -1.7e+308 -1.7e+308 -1.7e+308 -1.7e+308 -1.7e+308 -1.7e+308 -1.7e+308 -1.7e+308 -1.7e+308 -1.7e+308 -1.7e+308 -1.7e+308 -1.7e+308 -1.7e+308 -1.7e+308 -1.7e+308 -1.7e+308 -1.7e+308 -1.7e+308 -1.7e+308 -1.7e+308 -1.7e+308 -1.7e+308 -1.7e+308 -1.7e+308 -1.7e+308 -1.7e+308 -1.7e+308 -1.7e+308 -1.7e+308 -1.7e+308 -1.7e+308 -1.7e+308 -1.7e+308 -1.7e+308 -1.7e+308 -1.7e+308 -1.7e+308 -1.7e+308 -1.7e+308 -1.7e+308 -1.7e+308 -1.7e+308 -1.7e+308 -1.7e+308 -1.7e+308 -1.7e+308 -1.7e+308 -1.7e+308 -1.7e+308 -1.7e+308 -1.7e+308
-1.7e+308 -1.7e+308 -1.7e+308 -1.7e+308 -1.7e+308 -1.7e+308 -1.7e+308 -1.7e+308 -1.7e+308 -1.7e+308 -1.7e+308 -1.7e+308 -1.7e+308 -1.7e+308 -1.7e+308 -1.7e+308 -1.7e+308 -1.7e+308 -1.7e+308 -1.7e+308 -1.7e+308 -1.7e+308 -1.7e+308 -1.7e+308 -1.7e+308 -1.7e+308 -1.7e+308 -1.7e+308 -1.7e+308 -1.7e+308 -1.7e+308 -1.7e+308 -1.7e+308 -1.7e+308 -1.7e+308 -1.7e+308 -1.7e+308 -1.7e+308 -1.7e+308 -1.7e+308 -1.7e+308 -1.7e+308 -1.7e+308 -1.7e+308 -1.7e+308 -1.7e+308 -1.7e+308 -1.7e+308 -1.7e+308 -1.7e+308 -1.7e+308 -1.7e+308 -1.7e+308 -1.7e+308 -1.7e+308 -1.7e+308 -1.7e+308 -1.7e+308 -1.7e+308 -1.7e+308 -1.7e+308 -1.7e+308 -1.7e+308 -1.7e+308 -1.7e+308 -1.7e+308
-1.7e+308 -1.7e+308 -1.7e+308 -1.7e+308 -1.7e+308 -1.7e+308 -1.7e+308 -1.7e+308 -1.7e+308 -1.7e+308 -1.7e+308 -1.7e+308 -1.7e+308 -1.7e+308 -1.7e+308 -1.7e+308 -1.7e+308 -1.7e+308 -1.7e+308 -1.7e+308 -1.7e+308 -1.7e+308 -1.7e+308 -1.7e+308 -1.7e+308 -1.7e+308 -1.7e+308 -1.7e+308 -1.7e+308 -1.7e+308 -1.7e+308 -1.7e+308 -1.7e+308 -1.7e+308 -1.7e+308 -1.7e+308 -1.7e+308 -1.7e+308 -1.7e+308 -1.7e+308 -1.7e+308 -1.7e+308 -1.7e+308 -1.7e+308 -1.7e+308 -1.7e+308 -1.7e+308 -1.7e+308 -1.7e+308 -1.7e+308 -1.7e+308 -1.7e+308 -1.7e+308 -1.7e+308 -1.7e+308 -1.7e+308 -1.7e+308 -1.7e+308 -1.7e+308 -1.7e+308 -1.7e+308 -1.7e+308 -1.7e+308 -1.7e+308 -1.7e+308 -1.7e+308
-1.7e+308 -1.7e+308 -1.7e+308 -1.7e+308 -1.7e+308 -1.7e+308 -1.7e+308 -1.7e+308 -1.7e+308 -1.7e+308 -1.7e+308 -1.7e+308 -1.7e+308 -1.7e+308 -1.7e+308 -1.7e+308 -1.7e+308 -1.7e+308 -1.7e+308 -1.7e+308 -1.7e+308 -1.7e+308 -1.7e+308 -1.7e+308 -1.7e+308 -1.7e+308 -1.7e+308 -1.7e+308 -1.7e+308 -1.7e+308 -1.7e+308 -1.7e+308 -1.7e+308 -1.7e+308 -1.7e+308 -1.7e+308 -1.7e+308 -1.7e+308 -1.7e+308 -1.7e+308 -1.7e+308 -1.7e+308 -1.7e+308 -1.7e+308 -1.7e+308 -1.7e+308 -1.7e+308 -1.7e+308 -1.7e+308 -1.7e+308 -1.7e+308 -1.7e+308 -1.7e+308 -1.7e+308 -1.7e+308 -1.7e+308 -1.7e+308 -1.7e+308 -1.7e+308 -1.7e+308 -1.7e+308 -1.7e+308 -1.7e+308 -1.7e+308 -1.7e+308 -1.7e+308
-1.7e+308 -1.7e+308 -1.7e+308 -1.7e+308 -1.7e+308 -1.7e+308 -1.7e+308 -1.7e+308 -1.7e+308 -1.7e+308 -1.7e+308 -1.7e+308 -1.7e+308 -1.7e+308 -1.7e+308 -1.7e+308 -1.7e+308 -1.7e+308 -1.7e+308 -1.7e+308 -1.7e+308 -1.7e+308 -1.7e+308 -1.7e+308 -1.7e+308 -1.7e+308 -1.7e+308 -1.7e+308 -1.7e+308 -1.7e+308 -1.7e+308 -1.7e+308 -1.7e+308 -1.7e+308 -1.7e+308 -1.7e+308 -1.7e+308 -1.7e+308 -1.7e+308 -1.7e+308 -1.7e+308 -1.7e+308 -1.7e+308 -1.7e+308 -1.7e+308 -1.7e+308 -1.7e+308 -1.7e+308 -1.7e+308 -1.7e+308 -1.7e+308 -1.7e+308 -1.7e+308 -1.7e+308 -1.7e+308 -1.7e+308 -1.7e+308 -1.7e+308 -1.7e+308 -1.7e+308 -1.7e+308 -1.7e+308 -1.7e+308 -1.7e+308 -1.7e+308 -1.7e+308
-1.7e+308 -1.7e+308 -1.7e+308 -1.7e+308 -1.7e+308 -1.7e+308 -1.7e+308 -1.7e+308 -1.7e+308 -1.7e+308 -1.7e+308 -1.7e+308 -1.7e+308 -1.7e+308 -1.7e+308 -1.7e+308 -1.7e+308 -1.7e+308 -1.7e+308 -1.7e+308 -1.7e+308 -1.7e+308 -1.7e+308 -1.7e+308 -1.7e+308 -1.7e+308 -1.7e+308 -1.7e+308 -1.7e+308 -1.7e+308 -1.7e+308 -1.7e+308 -1.7e+308 -1.7e+308 -1.7e+308 -1.7e+308 -1.7e+308 -1.7e+308 -1.7e+308 -1.7e+308 -1.7e+308 -1.7e+308 -1.7e+308 -1.7e+308 -1.7e+308 -1.7e+308 -1.7e+308 -1.7e+308 -1.7e+308 -1.7e+308 -1.7e+308 -1.7e+308 -1.7e+308 -1.7e+308 -1.7e+308 -1.7e+308 -1.7e+308 -1.7e+308 -1.7e+308 -1.7e+308 -1.7e+308 -1.7e+308 -1.7e+308 -1.7e+308 -1.7e+308 -1.7e+308
-1.7e+308 -1.7e+308 -1.7e+308 -1.7e+308 -1.7e+308 -1.7e+308 -1.7e+308 -1.7e+308 -1.7e+308 -1.7e+308 -1.7e+308 -1.7e+308 -1.7e+308 -1.7e+308 -1.7e+308 -1.7e+308 -1.7e+308 -1.7e+308 -1.7e+308 -1.7e+308 -1.7e+308 -1.7e+308 -1.7e+308 -1.7e+308 -1.7e+308 -1.7e+308 -1.7e+308 -1.7e+308 -1.7e+308 -1.7e+308 -1.7e+308 -1.7e+308 -1.7e+308 -1.7e+308 -1.7e+308 -1.7e+308 -1.7e+308 -1.7e+308 -1.7e+308 -1.7e+308 -1.7e+308 -1.7e+308 -1.7e+308 -1.7e+308 -1.7e+308 -1.7e+308 -1.7e+308 -1.7e+308 -1.7e+308 -1.7e+308 -1.7e+308 -1.7e+308 -1.7e+308 -1.7e+308 -1.7e+308 -1.7e+308 -1.7e+308 -1.7e+308 -1.7e+308 -1.7e+308 -1.7e+308 -1.7e+308 -1.7e+308 -1.7e+308 -1.7e+308 -1.7e+308
439 439 442 442 441 441 442 443 445 443 443 445 444 -1.7e+308 -1.7e+308 -1.7e+308 -1.7e+308 -1.7e+308 -1.7e+308 -1.7e+308 -1.7e+308 -1.7e+308 -1.7e+308 -1.7e+308 -1.7e+308 -1.7e+308 -1.7e+308 -1.7e+308 -1.7e+308 -1.7e+308 -1.7e+308 -1.7e+308 -1.7e+308 -1.7e+308 -1.7e+308 -1.7e+308 -1.7e+308 -1.7e+308 -1.7e+308 -1.7e+308 -1.7e+308 -1.7e+308 -1.7e+308 -1.7e+308 -1.7e+308 -1.7e+308 -1.7e+308 -1.7e+308 -1.7e+308 -1.7e+308 -1.7e+308 -1.7e+308 -1.7e+308 -1.7e+308 -1.7e+308 -1.7e+308 -1.7e+308 -1.7e+308 -1.7e+308 -1.7e+308 -1.7e+308 -1.7e+308 -1.7e+308 -1.7e+308 -1.7e+308 -1.7e+308
438 440 440 440 440 443 443 443 442 441 443 443 442 439 440 440 439 439 439 437 437 436 434 432 430 426 421 416 413 408 403 400 396 -1.7e+308 -1.7e+308 -1.7e+308 -1.7e+308 -1.7e+308 -1.7e+308 -1.7e+308 -1.7e+308 -1.7e+308 -1.7e+308 -1.7e+308 -1.7e+308 -1.7e+308 -1.7e+308 -1.7e+308 -1.7e+308 -1.7e+308 -1.7e+308 -1.7e+308 -1.7e+308 -1.7e+308 -1.7e+308 -1.7e+308 -1.7e+308 -1.7e+308 -1.7e+308 -1.7e+308 -1.7e+308 -1.7e+308 -1.7e+308 -1.7e+308 -1.7e+308 -1.7e+308
439 438 439 440 440 443 441 442 442 441 443 442 439 439 440 441 440 441 440 441 439 437 437 435 432 428 423 418 414 409 404 401 397 393 390 386 384 379 378 378 378 379 380 379 381 382 381 380 378 376 -1.7e+308 -1.7e+308 -1.7e+308 -1.7e+308 -1.7e+308 -1.7e+308 -1.7e+308 -1.7e+308 -1.7e+308 -1.7e+308 -1.7e+308 -1.7e+308 -1.7e+308 -1.7e+308 -1.7e+308 -1.7e+308
436 437 437 436 438 439 440 440 439 440 440 438 439 439 441 441 439 440 439 439 439 437 439 437 433 427 423 418 413 410 404 400 396 392 389 385 383 382 380 380 382 381 381 382 382 383 384 382 380 377 374 371 369 364 362 359 356 354 350 349 345 343 340 337 -1.7e+308 -1.7e+308
434 433 434 435 436 436 438 438 437 438 439 437 437 439 441 439 437 438 438 438 438 439 441 440 434 427 422 417 413 410 405 401 397 393 390 387 385 383 382 382 382 383 383 383 383 386 387 384 381 377 374 371 368 364 361 358 355 353 350 348 344 343 340 -1.7e+308 -1.7e+308 -1.7e+308
431 430 431 433 434 434 434 435 435 435 434 436 437 438 438 437 436 437 436 436 437 438 438 437 432 426 421 417 412 408 405 401 397 394 391 388 386 385 384 383 383 381 382 383 385 386 386 383 380 376 373 368 365 362 359 357 354 352 350 347 345 342 340 336 -1.7e+308 -1.7e+308
427 427 428 430 430 431 431 431 433 433 433 435 433 434 436 436 435 433 432 435 436 437 436 434 429 424 420 416 412 408 405 401 398 394 391 389 386 385 385 383 384 382 383 383 385 384 384 381 378 374 371 366 364 360 357 355 353 351 349 347 345 342 340 336 -1.7e+308 -1.7e+308
425 426 426 426 426 426 428 429 430 432 432 432 430 430 431 432 431 432 431 431 434 433 432 429 424 422 419 415 411 407 402 399 396 395 391 390 387 385 384 382 382 382 382 383 384 383 381 378 375 371 368 364 361 359 356 353 352 349 347 346 344 342 340 336 -1.7e+308 -1.7e+308
423 423 423 423 424 425 426 427 428 429 430 428 428 428 428 427 427 428 428 428 428 427 426 424 422 419 416 413 410 405 402 399 396 394 391 390 387 386 385 383 383 382 381 382 383 382 379 374 371 367 364 361 357 356 353 351 349 347 346 343 342 342 340 336 332 329
422 421 420 420 421 422 422 424 425 424 426 426 425 423 424 425 424 424 424 423 423 422 421 419 417 414 412 409 407 403 401 398 396 393 390 388 386 384 383 382 381 381 381 379 379 377 376 372 368 365 361 358 355 353 351 349 347 344 343 343 342 341 339 336 334 329
420 420 419 417 419 420 420 421 422 422 422 422 422 421 421 421 421 421 421 421 420 419 417 416 414 411 409 406 404 401 399 397 395 391 389 387 386 383 382 381 380 380 378 376 375 374 372 369 366 363 359 356 352 350 349 346 345 344 343 343 342 341 339 337 335 330
418 417 416 416 415 416 417 417 417 418 418 418 417 418 419 418 418 416 417 415 414 415 413 412 410 408 405 402 400 398 397 394 392 390 388 386 385 381 381 378 378 376 374 373 371 370 369 367 364 361 357 353 351 347 345 344 344 342 342 341 341 339 338 336 334 331
415 414 414 413 412 414 413 414 414 414 415 414 414 415 414 414 414 414 413 412 412 411 410 409 407 404 402 399 397 396 394 392 391 388 386 385 383 381 379 377 376 373 371 369 367 365 364 363 360 356 353 350 346 345 342 342 341 342 340 341 339 338 337 334 332 330
412 411 411 410 409 410 411 409 410 410 411 411 411 411 412 410 410 409 409 408 408 407 406 404 403 401 400 397 394 392 390 388 387 385 383 383 380 379 377 375 372 370 368 365 363 361 359 356 354 350 348 345 343 340 339 339 339 339 339 338 337 338 337 335 332 329
409 408 407 406 406 406 407 407 407 407 407 408 408 408 408 406 406 405 405 405 404 403 403 401 399 397 396 393 391 389 387 385 385 383 382 380 377 377 375 372 370 367 364 360 357 355 353 350 348 346 344 342 341 339 339 338 337 338 338 336 336 337 336 334 331 328
405 403 403 403 403 403 402 403 403 402 402 403 -1.7e+308 -1.7e+308 -1.7e+308 -1.7e+308 -1.7e+308 -1.7e+308 -1.7e+308 -1.7e+308 -1.7e+308 -1.7e+308 398 396 395 394 392 391 389 387 385 384 382 381 380 378 376 373 371 369 366 363 358 355 351 347 345 343 342 340 339 338 337 337 338 338 337 337 337 336 337 336 335 332 329 327
401 400 400 400 400 398 398 399 399 398 398 400 -1.7e+308 -1.7e+308 -1.7e+308 -1.7e+308 -1.7e+308 -1.7e+308 -1.7e+308 -1.7e+308 -1.7e+308 -1.7e+308 -1.7e+308 -1.7e+308 391 390 390 387 386 384 383 381 380 379 378 375 373 370 367 364 361 357 352 348 345 340 338 336 335 334 334 334 335 335 336 336 337 337 337 337 336 335 334 331 329 327
396 396 396 395 395 395 394 395 395 394 -1.7e+308 -1.7e+308 395 -1.7e+308 -1.7e+308 -1.7e+308 -1.7e+308 -1.7e+308 -1.7e+308 -1.7e+308 -1.7e+308 -1.7e+308 -1.7e+308 -1.7e+308 -1.7e+308 -1.7e+308 385 383 382 380 379 378 377 376 374 371 370 367 363 359 355 350 345 340 335 331 329 328 328 328 329 330 331 333 335 336 337 338 338 337 336 334 333 332 329 327
391 392 392 390 391 390 390 391 390 391 392 391 391 -1.7e+308 -1.7e+308 -1.7e+308 -1.7e+308 -1.7e+308 -1.7e+308 -1.7e+308 -1.7e+308 -1.7e+308 -1.7e+308 -1.7e+308 -1.7e+308 -1.7e+308 -1.7e+308 -1.7e+308 379 377 376 376 375 373 372 369 366 363 359 353 347 341 336 331 327 323 322 321 322 322 324 327 329 331 334 336 336 336 336 336 335 334 333 331 328 326
385 386 386 385 385 385 386 388 -1.7e+308 -1.7e+308 -1.7e+308 -1.7e+308 -1.7e+308 -1.7e+308 -1.7e+308 -1.7e+308 -1.7e+308 -1.7e+308 -1.7e+308 -1.7e+308 -1.7e+308 -1.7e+308 -1.7e+308 -1.7e+308 -1.7e+308 -1.7e+308 -1.7e+308 -1.7e+308 -1.7e+308 374 374 373 371 370 369 365 362 358 353 348 341 333 326 320 316 312 312 312 313 316 319 323 327 330 333 334 336 336 337 335 335 333 332 329 327 324
381 381 382 381 381 383 -1.7e+308 -1.7e+308 -1.7e+308 -1.7e+308 -1.7e+308 -1.7e+308 -1.7e+308 -1.7e+308 -1.7e+308 -1.7e+308 -1.7e+308 -1.7e+308 -1.7e+308 -1.7e+308 -1.7e+308 -1.7e+308 -1.7e+308 -1.7e+308 -1.7e+308 -1.7e+308 -1.7e+308 -1.7e+308 -1.7e+308 -1.7e+308 370 369 368 367 365 363 360 355 350 343 334 324 315 309 305 302 302 304 307 311 315 320 325 330 333 334 336 336 337 336 335 334 332 330 327 324
-1.7e+308 375 376 377 -1.7e+308 -1.7e+308 -1.7e+308 -1.7e+308 -1.7e+308 -1.7e+308 -1.7e+308 -1.7e+308 -1.7e+308 -1.7e+308 -1.7e+308 -1.7e+308 -1.7e+308 -1.7e+308 -1.7e+308 -1.7e+308 -1.7e+308 -1.7e+308 -1.7e+308 -1.7e+308 -1.7e+308 -1.7e+308 -1.7e+308 -1.7e+308 -1.7e+308 -1.7e+308 -1.7e+308 365 364 364 362 360 358 354 347 336 326 313 303 295 291 289 291 295 300 305 310 317 322 327 332 334 336 336 337 337 336 333 332 329 326 323
