MaxEnt_Example/FutureLayers/bio19.asc
NCOLS 182 
NROWS 155 
XLLCORNER -87.625 
YLLCORNER 24.5416666666667 
CELLSIZE 0.0416666666666666 
NODATA_value -1.7e+308 
[rows 0 to 28 of 155, columns 0 to 65 of 182]
-169999999999999993883079578865998174333346074304075874502773119193537729178160565864330091787584707988572262467983188919169916105593357174268369962062473635296474636515660464935663040684957844303524367815028553272712298986386310828644513212353921123253311675499856875650512437415429217994623324794855339589632.000000000000000 494 492 493 493 492 491 491 487 484 484 488 488 487 485 483 482 482 480 478 476 475 475 475 474 473 473 475 475 475 474 475 474 474 471 471 470 469 467 468 467 465 463 463 464 464 463 464 463 464 463 463 463 462 463 463 463 463 463 464 463 462 461 -1.7e+308 -1.7e+308 -1.7e+308
-1.7e+308 490 489 490 488 489 487 486 481 482 485 486 483 484 481 478 475 476 475 473 472 470 470 471 470 468 470 472 470 470 470 471 471 473 470 471 469 468 468 467 466 464 462 462 463 463 461 463 463 463 463 463 463 463 463 462 462 461 461 461 461 460 459 -1.7e+308 -1.7e+308 -1.7e+308
486 486 485 487 485 484 482 479 477 484 483 481 477 478 477 473 471 469 469 468 467 466 466 467 465 463 465 467 465 466 466 469 468 469 469 469 470 471 469 465 464 462 461 462 462 461 461 463 463 463 463 462 462 464 462 461 459 458 460 459 459 457 456 455 -1.7e+308 -1.7e+308
482 482 482 482 481 479 479 473 474 478 479 477 474 472 470 468 466 464 464 464 463 461 462 462 458 460 461 460 460 461 463 463 464 465 465 468 469 469 467 466 465 462 460 462 461 461 462 463 462 462 461 461 461 462 460 459 457 457 456 458 457 455 454 452 451 -1.7e+308
-1.7e+308 477 478 478 476 474 472 468 469 473 474 474 471 466 462 463 462 458 460 458 456 458 459 457 455 457 457 456 457 457 458 460 461 462 463 466 466 465 465 463 461 461 460 460 461 462 462 461 460 460 460 462 461 461 460 458 457 454 454 454 454 452 451 449 448 -1.7e+308
-1.7e+308 -1.7e+308 472 472 469 471 467 464 463 469 469 469 467 463 457 456 456 454 454 453 452 454 453 452 451 453 450 451 452 453 454 457 457 459 460 464 464 464 462 462 459 460 459 460 460 461 461 459 459 460 461 463 461 461 459 458 456 454 453 454 451 450 448 446 445 -1.7e+308
-1.7e+308 -1.7e+308 -1.7e+308 466 465 465 464 459 458 461 462 461 459 456 452 449 449 447 448 447 448 450 448 445 446 446 445 447 448 450 451 454 455 457 458 461 462 463 461 459 458 457 457 458 458 459 459 459 459 460 461 462 460 458 457 454 453 451 450 450 447 447 446 446 445 442
-1.7e+308 -1.7e+308 -1.7e+308 -1.7e+308 -1.7e+308 458 458 455 451 454 456 454 452 451 445 443 442 444 444 445 444 442 440 440 440 439 439 440 441 444 447 449 450 452 452 455 456 459 460 459 456 456 455 457 457 458 457 456 457 458 460 460 458 457 454 452 450 449 447 445 444 444 442 442 441 438
-1.7e+308 -1.7e+308 -1.7e+308 -1.7e+308 -1.7e+308 -1.7e+308 451 450 446 447 449 449 445 445 439 440 441 441 439 438 437 439 437 437 438 437 437 438 438 441 441 443 445 448 448 451 453 454 454 454 453 454 454 455 454 455 455 456 456 456 457 457 458 458 455 452 450 449 444 441 441 441 441 439 438 436
-1.7e+308 -1.7e+308 -1.7e+308 -1.7e+308 -1.7e+308 444 445 444 441 440 440 441 440 437 435 436 436 435 434 436 436 436 435 435 433 431 430 431 432 434 435 438 441 443 444 446 450 451 451 452 451 451 452 453 453 454 456 457 457 458 457 458 458 456 454 452 449 448 442 441 441 438 436 436 435 437
-1.7e+308 -1.7e+308 -1.7e+308 -1.7e+308 -1.7e+308 440 439 438 437 436 433 -1.7e+308 434 433 432 431 430 433 433 434 433 432 431 430 427 425 423 425 427 428 430 433 435 439 440 443 444 447 449 449 449 449 450 454 455 456 455 455 455 456 456 457 454 452 451 447 444 441 437 438 436 433 431 431 436 436
-1.7e+308 -1.7e+308 -1.7e+308 -1.7e+308 434 434 431 431 432 432 431 -1.7e+308 -1.7e+308 428 -1.7e+308 428 430 431 431 431 430 429 427 425 422 419 415 417 419 422 425 429 431 433 435 438 439 442 445 446 446 446 448 451 452 453 453 453 452 451 451 452 452 451 449 446 442 439 435 432 431 429 428 430 433 434
-1.7e+308 -1.7e+308 -1.7e+308 -1.7e+308 -1.7e+308 427 424 425 426 428 428 -1.7e+308 -1.7e+308 425 -1.7e+308 -1.7e+308 426 427 428 427 426 425 423 421 417 413 410 -1.7e+308 415 419 421 425 -1.7e+308 429 431 433 435 438 440 442 443 444 446 449 450 451 451 450 450 451 450 450 450 448 447 443 441 437 432 429 427 425 424 427 430 430
-1.7e+308 -1.7e+308 -1.7e+308 -1.7e+308 -1.7e+308 -1.7e+308 -1.7e+308 421 422 423 423 -1.7e+308 -1.7e+308 -1.7e+308 -1.7e+308 -1.7e+308 421 422 422 422 422 422 421 419 414 411 -1.7e+308 -1.7e+308 -1.7e+308 -1.7e+308 -1.7e+308 -1.7e+308 -1.7e+308 -1.7e+308 -1.7e+308 430 432 434 435 437 439 442 443 446 447 449 448 448 447 448 448 448 447 446 443 441 438 434 428 425 422 421 421 424 426 426
-1.7e+308 -1.7e+308 -1.7e+308 -1.7e+308 -1.7e+308 419 417 417 417 -1.7e+308 -1.7e+308 -1.7e+308 -1.7e+308 419 419 420 -1.7e+308 -1.7e+308 -1.7e+308 -1.7e+308 -1.7e+308 420 419 -1.7e+308 412 -1.7e+308 -1.7e+308 407 408 412 -1.7e+308 416 418 422 -1.7e+308 -1.7e+308 427 430 432 434 436 439 441 443 445 446 446 445 445 444 444 444 443 442 440 439 436 432 427 423 419 418 419 423 424 424
-1.7e+308 -1.7e+308 -1.7e+308 -1.7e+308 -1.7e+308 417 415 414 414 -1.7e+308 415 -1.7e+308 -1.7e+308 -1.7e+308 416 -1.7e+308 -1.7e+308 -1.7e+308 -1.7e+308 -1.7e+308 -1.7e+308 -1.7e+308 -1.7e+308 -1.7e+308 -1.7e+308 -1.7e+308 -1.7e+308 -1.7e+308 -1.7e+308 -1.7e+308 -1.7e+308 -1.7e+308 -1.7e+308 420 422 423 425 428 429 432 434 437 439 440 441 442 443 443 442 441 441 440 438 438 436 437 434 431 427 424 421 419 420 422 423 423
-1.7e+308 -1.7e+308 -1.7e+308 418 -1.7e+308 -1.7e+308 415 -1.7e+308 -1.7e+308 -1.7e+308 -1.7e+308 -1.7e+308 -1.7e+308 -1.7e+308 -1.7e+308 -1.7e+308 -1.7e+308 -1.7e+308 -1.7e+308 -1.7e+308 -1.7e+308 -1.7e+308 -1.7e+308 -1.7e+308 -1.7e+308 -1.7e+308 -1.7e+308 -1.7e+308 -1.7e+308 -1.7e+308 -1.7e+308 -1.7e+308 -1.7e+308 -1.7e+308 -1.7e+308 -1.7e+308 422 424 425 429 430 432 434 437 438 440 441 440 437 436 434 434 435 435 434 435 433 431 428 425 423 420 420 420 420 422
-1.7e+308 -1.7e+308 -1.7e+308 -1.7e+308 -1.7e+308 -1.7e+308 -1.7e+308 -1.7e+308 -1.7e+308 -1.7e+308 -1.7e+308 -1.7e+308 -1.7e+308 -1.7e+308 -1.7e+308 -1.7e+308 -1.7e+308 -1.7e+308 -1.7e+308 -1.7e+308 -1.7e+308 -1.7e+308 -1.7e+308 -1.7e+308 -1.7e+308 -1.7e+308 -1.7e+308 -1.7e+308 -1.7e+308 -1.7e+308 -1.7e+308 -1.7e+308 -1.7e+308 -1.7e+308 -1.7e+308 -1.7e+308 -1.7e+308 -1.7e+308 -1.7e+308 425 427 429 430 -1.7e+308 -1.7e+308 438 439 436 433 431 430 430 430 431 432 434 434 431 430 427 425 422 421 420 420 420
-1.7e+308 -1.7e+308 -1.7e+308 -1.7e+308 -1.7e+308 -1.7e+308 -1.7e+308 -1.7e+308 -1.7e+308 -1.7e+308 -1.7e+308 -1.7e+308 -1.7e+308 -1.7e+308 -1.7e+308 -1.7e+308 -1.7e+308 -1.7e+308 -1.7e+308 -1.7e+308 -1.7e+308 -1.7e+308 -1.7e+308 -1.7e+308 -1.7e+308 -1.7e+308 -1.7e+308 -1.7e+308 -1.7e+308 -1.7e+308 -1.7e+308 -1.7e+308 -1.7e+308 -1.7e+308 -1.7e+308 -1.7e+308 -1.7e+308 -1.7e+308 -1.7e+308 -1.7e+308 -1.7e+308 425 425 428 430 -1.7e+308 -1.7e+308 433 427 425 423 423 425 427 428 431 434 433 431 430 426 423 421 419 418 419
-1.7e+308 -1.7e+308 -1.7e+308 -1.7e+308 -1.7e+308 -1.7e+308 -1.7e+308 -1.7e+308 -1.7e+308 -1.7e+308 -1.7e+308 -1.7e+308 -1.7e+308 -1.7e+308 -1.7e+308 -1.7e+308 -1.7e+308 -1.7e+308 -1.7e+308 -1.7e+308 -1.7e+308 -1.7e+308 -1.7e+308 -1.7e+308 -1.7e+308 -1.7e+308 -1.7e+308 -1.7e+308 -1.7e+308 -1.7e+308 -1.7e+308 -1.7e+308 -1.7e+308 -1.7e+308 -1.7e+308 -1.7e+308 -1.7e+308 -1.7e+308 -1.7e+308 -1.7e+308 -1.7e+308 -1.7e+308 -1.7e+308 424 424 -1.7e+308 428 424 419 415 415 416 418 422 426 430 434 435 434 433 429 425 421 419 417 416
-1.7e+308 -1.7e+308 -1.7e+308 -1.7e+308 -1.7e+308 -1.7e+308 -1.7e+308 -1.7e+308 -1.7e+308 -1.7e+308 -1.7e+308 -1.7e+308 -1.7e+308 -1.7e+308 -1.7e+308 -1.7e+308 -1.7e+308 -1.7e+308 -1.7e+308 -1.7e+308 -1.7e+308 -1.7e+308 -1.7e+308 -1.7e+308 -1.7e+308 -1.7e+308 -1.7e+308 -1.7e+308 -1.7e+308 -1.7e+308 -1.7e+308 -1.7e+308 -1.7e+308 -1.7e+308 -1.7e+308 -1.7e+308 -1.7e+308 -1.7e+308 -1.7e+308 -1.7e+308 -1.7e+308 -1.7e+308 -1.7e+308 -1.7e+308 -1.7e+308 416 -1.7e+308 413 406 402 403 406 411 416 422 427 432 437 437 435 429 424 420 418 416 413
-1.7e+308 -1.7e+308 -1.7e+308 -1.7e+308 -1.7e+308 -1.7e+308 -1.7e+308 -1.7e+308 -1.7e+308 -1.7e+308 -1.7e+308 -1.7e+308 -1.7e+308 -1.7e+308 -1.7e+308 -1.7e+308 -1.7e+308 -1.7e+308 -1.7e+308 -1.7e+308 -1.7e+308 -1.7e+308 -1.7e+308 -1.7e+308 -1.7e+308 -1.7e+308 -1.7e+308 -1.7e+308 -1.7e+308 -1.7e+308 -1.7e+308 -1.7e+308 -1.7e+308 -1.7e+308 -1.7e+308 -1.7e+308 -1.7e+308 -1.7e+308 -1.7e+308 -1.7e+308 -1.7e+308 -1.7e+308 -1.7e+308 -1.7e+308 -1.7e+308 -1.7e+308 -1.7e+308 397 -1.7e+308 -1.7e+308 395 398 404 410 417 423 429 436 439 434 428 422 418 416 413 411
-1.7e+308 -1.7e+308 -1.7e+308 -1.7e+308 -1.7e+308 -1.7e+308 -1.7e+308 -1.7e+308 -1.7e+308 -1.7e+308 -1.7e+308 -1.7e+308 -1.7e+308 -1.7e+308 -1.7e+308 -1.7e+308 -1.7e+308 -1.7e+308 -1.7e+308 -1.7e+308 -1.7e+308 -1.7e+308 -1.7e+308 -1.7e+308 -1.7e+308 -1.7e+308 -1.7e+308 -1.7e+308 -1.7e+308 -1.7e+308 -1.7e+308 -1.7e+308 -1.7e+308 -1.7e+308 -1.7e+308 -1.7e+308 -1.7e+308 -1.7e+308 -1.7e+308 -1.7e+308 -1.7e+308 -1.7e+308 -1.7e+308 -1.7e+308 -1.7e+308 -1.7e+308 -1.7e+308 -1.7e+308 378 377 -1.7e+308 391 -1.7e+308 403 410 416 423 428 430 428 423 418 414 411 408 406
-1.7e+308 -1.7e+308 -1.7e+308 -1.7e+308 -1.7e+308 -1.7e+308 -1.7e+308 -1.7e+308 -1.7e+308 -1.7e+308 -1.7e+308 -1.7e+308 -1.7e+308 -1.7e+308 -1.7e+308 -1.7e+308 -1.7e+308 -1.7e+308 -1.7e+308 -1.7e+308 -1.7e+308 -1.7e+308 -1.7e+308 -1.7e+308 -1.7e+308 -1.7e+308 -1.7e+308 -1.7e+308 -1.7e+308 -1.7e+308 -1.7e+308 -1.7e+308 -1.7e+308 -1.7e+308 -1.7e+308 -1.7e+308 -1.7e+308 -1.7e+308 -1.7e+308 -1.7e+308 -1.7e+308 -1.7e+308 -1.7e+308 -1.7e+308 -1.7e+308 -1.7e+308 -1.7e+308 -1.7e+308 -1.7e+308 -1.7e+308 379 385 -1.7e+308 397 403 410 415 419 420 419 416 412 409 407 405 403
-1.7e+308 -1.7e+308 -1.7e+308 -1.7e+308 -1.7e+308 -1.7e+308 -1.7e+308 -1.7e+308 -1.7e+308 -1.7e+308 -1.7e+308 -1.7e+308 -1.7e+308 -1.7e+308 -1.7e+308 -1.7e+308 -1.7e+308 -1.7e+308 -1.7e+308 -1.7e+308 -1.7e+308 -1.7e+308 -1.7e+308 -1.7e+308 -1.7e+308 -1.7e+308 -1.7e+308 -1.7e+308 -1.7e+308 -1.7e+308 -1.7e+308 -1.7e+308 -1.7e+308 -1.7e+308 -1.7e+308 -1.7e+308 -1.7e+308 -1.7e+308 -1.7e+308 -1.7e+308 -1.7e+308 -1.7e+308 -1.7e+308 -1.7e+308 -1.7e+308 -1.7e+308 -1.7e+308 -1.7e+308 -1.7e+308 -1.7e+308 -1.7e+308 381 386 391 397 401 405 409 410 410 407 405 403 401 399 397
-1.7e+308 -1.7e+308 -1.7e+308 -1.7e+308 -1.7e+308 -1.7e+308 -1.7e+308 -1.7e+308 -1.7e+308 -1.7e+308 -1.7e+308 -1.7e+308 -1.7e+308 -1.7e+308 -1.7e+308 -1.7e+308 -1.7e+308 -1.7e+308 -1.7e+308 -1.7e+308 -1.7e+308 -1.7e+308 -1.7e+308 -1.7e+308 -1.7e+308 -1.7e+308 -1.7e+308 -1.7e+308 -1.7e+308 -1.7e+308 -1.7e+308 -1.7e+308 -1.7e+308 -1.7e+308 -1.7e+308 -1.7e+308 -1.7e+308 -1.7e+308 -1.7e+308 -1.7e+308 -1.7e+308 -1.7e+308 -1.7e+308 -1.7e+308 -1.7e+308 -1.7e+308 -1.7e+308 -1.7e+308 -1.7e+308 -1.7e+308 -1.7e+308 -1.7e+308 -1.7e+308 387 390 394 398 401 402 401 399 398 397 395 394 392
-1.7e+308 -1.7e+308 -1.7e+308 -1.7e+308 -1.7e+308 -1.7e+308 -1.7e+308 -1.7e+308 -1.7e+308 -1.7e+308 -1.7e+308 -1.7e+308 -1.7e+308 -1.7e+308 -1.7e+308 -1.7e+308 -1.7e+308 -1.7e+308 -1.7e+308 -1.7e+308 -1.7e+308 -1.7e+308 -1.7e+308 -1.7e+308 -1.7e+308 -1.7e+308 -1.7e+308 -1.7e+308 -1.7e+308 -1.7e+308 -1.7e+308 -1.7e+308 -1.7e+308 -1.7e+308 -1.7e+308 -1.7e+308 -1.7e+308 -1.7e+308 -1.7e+308 -1.7e+308 -1.7e+308 -1.7e+308 -1.7e+308 -1.7e+308 -1.7e+308 -1.7e+308 -1.7e+308 -1.7e+308 -1.7e+308 -1.7e+308 -1.7e+308 -1.7e+308 -1.7e+308 -1.7e+308 384 388 390 391 391 391 390 390 388 387 386 385
-1.7e+308 -1.7e+308 -1.7e+308 -1.7e+308 -1.7e+308 -1.7e+308 -1.7e+308 -1.7e+308 -1.7e+308 -1.7e+308 -1.7e+308 -1.7e+308 -1.7e+308 -1.7e+308 -1.7e+308 -1.7e+308 -1.7e+308 -1.7e+308 -1.7e+308 -1.7e+308 -1.7e+308 -1.7e+308 -1.7e+308 -1.7e+308 -1.7e+308 -1.7e+308 -1.7e+308 -1.7e+308 -1.7e+308 -1.7e+308 -1.7e+308 -1.7e+308 -1.7e+308 -1.7e+308 -1.7e+308 -1.7e+308 -1.7e+308 -1.7e+308 -1.7e+308 -1.7e+308 -1.7e+308 -1.7e+308 -1.7e+308 -1.7e+308 -1.7e+308 -1.7e+308 -1.7e+308 -1.7e+308 -1.7e+308 -1.7e+308 -1.7e+308 -1.7e+308 -1.7e+308 -1.7e+308 -1.7e+308 382 383 384 384 383 383 382 381 380 380 381
-1.7e+308 -1.7e+308 -1.7e+308 -1.7e+308 -1.7e+308 -1.7e+308 -1.7e+308 -1.7e+308 -1.7e+308 -1.7e+308 -1.7e+308 -1.7e+308 -1.7e+308 -1.7e+308 -1.7e+308 -1.7e+308 -1.7e+308 -1.7e+308 -1.7e+308 -1.7e+308 -1.7e+308 -1.7e+308 -1.7e+308 -1.7e+308 -1.7e+308 -1.7e+308 -1.7e+308 -1.7e+308 -1.7e+308 -1.7e+308 -1.7e+308 -1.7e+308 -1.7e+308 -1.7e+308 -1.7e+308 -1.7e+308 -1.7e+308 -1.7e+308 -1.7e+308 -1.7e+308 -1.7e+308 -1.7e+308 -1.7e+308 -1.7e+308 -1.7e+308 -1.7e+308 -1.7e+308 -1.7e+308 -1.7e+308 -1.7e+308 -1.7e+308 -1.7e+308 -1.7e+308 -1.7e+308 -1.7e+308 -1.7e+308 376 376 376 376 374 373 373 372 373 374
