MaxEnt_Example/FutureLayers/bio12.asc
NCOLS 182 
NROWS 155 
XLLCORNER -87.625 
YLLCORNER 24.5416666666667 
CELLSIZE 0.0416666666666666 
NODATA_value -1.7e+308 
[rows 0 to 27 of 155, columns 0 to 64 of 182]
-169999999999999993883079578865998174333346074304075874502773119193537729178160565864330091787584707988572262467983188919169916105593357174268369962062473635296474636515660464935663040684957844303524367815028553272712298986386310828644513212353921123253311675499856875650512437415429217994623324794855339589632.000000000000000 1809 1804 1806 1804 1802 1798 1799 1784 1779 1784 1801 1804 1804 1797 1789 1784 1785 1778 1769 1762 1753 1753 1753 1749 1741 1743 1746 1748 1747 1745 1747 1742 1738 1726 1723 1714 1703 1692 1686 1678 1664 1649 1639 1634 1627 1617 1615 1604 1603 1596 1592 1587 1588 1585 1584 1584 1584 1585 1589 1587 1582 1579 -1.7e+308 -1.7e+308
-1.7e+308 1810 1805 1806 1802 1804 1799 1795 1780 1789 1805 1810 1802 1805 1798 1786 1779 1779 1773 1767 1760 1752 1752 1751 1746 1740 1746 1752 1748 1746 1746 1749 1750 1750 1739 1741 1731 1721 1711 1702 1690 1677 1658 1653 1646 1639 1627 1625 1620 1613 1605 1605 1601 1600 1598 1597 1593 1592 1594 1597 1595 1589 1585 -1.7e+308 -1.7e+308
1800 1803 1799 1802 1799 1795 1790 1781 1777 1804 1807 1803 1793 1798 1794 1780 1772 1768 1768 1761 1759 1749 1748 1749 1741 1734 1742 1748 1742 1746 1746 1755 1755 1756 1752 1752 1750 1747 1733 1708 1696 1684 1673 1665 1658 1647 1640 1636 1630 1620 1618 1617 1614 1611 1607 1605 1601 1601 1603 1604 1602 1597 1593 1592 -1.7e+308
1797 1796 1800 1799 1796 1788 1790 1774 1778 1800 1806 1804 1794 1791 1784 1777 1769 1764 1761 1761 1756 1747 1749 1749 1733 1740 1746 1740 1740 1743 1748 1754 1757 1761 1762 1765 1763 1759 1742 1730 1716 1699 1684 1677 1668 1661 1654 1650 1639 1632 1626 1625 1623 1622 1616 1612 1610 1612 1608 1613 1610 1606 1601 1598 1594
-1.7e+308 1787 1793 1791 1786 1780 1775 1763 1769 1790 1798 1804 1796 1778 1768 1772 1766 1753 1760 1751 1743 1747 1751 1739 1734 1744 1742 1738 1740 1741 1748 1751 1756 1765 1768 1774 1772 1761 1754 1739 1721 1709 1695 1687 1681 1677 1669 1660 1647 1642 1638 1636 1634 1634 1633 1631 1627 1622 1621 1619 1618 1614 1609 1604 1598
-1.7e+308 -1.7e+308 1782 1781 1774 1780 1770 1758 1762 1787 1794 1797 1793 1784 1765 1759 1762 1750 1750 1745 1739 1748 1746 1734 1730 1742 1731 1736 1740 1742 1747 1759 1762 1768 1775 1785 1783 1774 1759 1751 1727 1719 1707 1697 1692 1688 1681 1667 1659 1658 1655 1653 1648 1647 1644 1646 1642 1635 1632 1634 1628 1623 1617 1611 1606
-1.7e+308 -1.7e+308 -1.7e+308 1762 1760 1764 1767 1749 1747 1768 1778 1777 1776 1768 1760 1745 1748 1735 1737 1732 1734 1738 1733 1719 1724 1726 1722 1733 1737 1747 1752 1762 1765 1773 1781 1790 1792 1786 1769 1751 1736 1722 1712 1707 1701 1694 1687 1678 1671 1673 1673 1670 1662 1658 1654 1650 1646 1643 1637 1640 1635 1632 1628 1632 1628
-1.7e+308 -1.7e+308 -1.7e+308 -1.7e+308 -1.7e+308 1747 1753 1747 1735 1751 1766 1764 1762 1761 1747 1734 1732 1734 1737 1735 1729 1721 1715 1713 1713 1714 1717 1721 1727 1739 1748 1756 1762 1765 1768 1780 1782 1782 1776 1765 1743 1729 1720 1717 1711 1705 1694 1687 1684 1682 1687 1683 1676 1674 1665 1660 1653 1651 1646 1644 1641 1640 1636 1637 1633
-1.7e+308 -1.7e+308 -1.7e+308 -1.7e+308 -1.7e+308 -1.7e+308 1730 1733 1722 1728 1745 1748 1743 1744 1724 1729 1733 1732 1723 1716 1712 1715 1712 1712 1717 1717 1718 1723 1726 1736 1737 1747 1752 1761 1761 1770 1776 1772 1764 1755 1743 1732 1727 1721 1714 1710 1702 1699 1695 1694 1696 1691 1694 1699 1688 1679 1676 1675 1656 1651 1652 1653 1650 1647 1640
-1.7e+308 -1.7e+308 -1.7e+308 -1.7e+308 -1.7e+308 1710 1718 1722 1716 1715 1721 1735 1734 1724 1716 1723 1723 1715 1712 1717 1718 1719 1717 1715 1713 1706 1704 1711 1717 1723 1726 1738 1748 1748 1754 1761 1770 1768 1760 1753 1746 1737 1733 1727 1721 1720 1720 1724 1718 1717 1712 1716 1714 1710 1707 1702 1691 1691 1669 1668 1670 1662 1653 1651 1644
-1.7e+308 -1.7e+308 -1.7e+308 -1.7e+308 -1.7e+308 1694 1695 1699 1705 1704 1700 -1.7e+308 1715 1709 1704 1703 1704 1710 1710 1714 1713 1710 1706 1704 1698 1694 1686 1695 1704 1706 1715 1727 1732 1742 1743 1753 1754 1759 1759 1753 1748 1738 1735 1742 1742 1737 1728 1726 1725 1727 1727 1726 1720 1717 1712 1703 1691 1687 1673 1676 1673 1664 1657 1654 1667
-1.7e+308 -1.7e+308 -1.7e+308 -1.7e+308 1677 1680 1672 1682 1695 1703 1707 -1.7e+308 -1.7e+308 1700 -1.7e+308 1702 1709 1713 1711 1709 1707 1703 1697 1694 1688 1683 1673 1674 1684 1693 1706 1715 1722 1729 1734 1742 1744 1748 1753 1752 1746 1739 1738 1743 1741 1740 1736 1735 1727 1727 1726 1728 1729 1731 1723 1718 1704 1697 1685 1679 1674 1671 1662 1668 1674
-1.7e+308 -1.7e+308 -1.7e+308 -1.7e+308 -1.7e+308 1651 1644 1660 1676 1691 1700 -1.7e+308 -1.7e+308 1691 -1.7e+308 -1.7e+308 1695 1698 1700 1697 1692 1691 1684 1680 1670 1664 1655 -1.7e+308 1671 1684 1693 1705 -1.7e+308 1716 1721 1727 1733 1737 1740 1739 1738 1737 1741 1742 1743 1742 1741 1736 1733 1736 1735 1740 1741 1738 1732 1724 1716 1708 1692 1686 1680 1675 1666 1677 1683
-1.7e+308 -1.7e+308 -1.7e+308 -1.7e+308 -1.7e+308 -1.7e+308 -1.7e+308 1650 1666 1679 1685 -1.7e+308 -1.7e+308 -1.7e+308 -1.7e+308 -1.7e+308 1684 1685 1687 1683 1683 1684 1682 1676 1666 1660 -1.7e+308 -1.7e+308 -1.7e+308 -1.7e+308 -1.7e+308 -1.7e+308 -1.7e+308 -1.7e+308 -1.7e+308 1720 1725 1730 1732 1736 1735 1739 1740 1745 1746 1749 1743 1741 1740 1739 1742 1747 1749 1747 1739 1731 1722 1716 1699 1692 1685 1678 1673 1685 1686
-1.7e+308 -1.7e+308 -1.7e+308 -1.7e+308 -1.7e+308 1635 1632 1639 1645 -1.7e+308 -1.7e+308 -1.7e+308 -1.7e+308 1674 1674 1678 -1.7e+308 -1.7e+308 -1.7e+308 -1.7e+308 -1.7e+308 1673 1671 -1.7e+308 1658 -1.7e+308 -1.7e+308 1653 1660 1670 -1.7e+308 1683 1690 1700 -1.7e+308 -1.7e+308 1715 1719 1724 1728 1730 1736 1739 1744 1744 1745 1743 1744 1743 1739 1739 1747 1744 1746 1741 1736 1727 1721 1706 1697 1688 1684 1683 1692 1692
-1.7e+308 -1.7e+308 -1.7e+308 -1.7e+308 -1.7e+308 1634 1632 1634 1636 -1.7e+308 1657 -1.7e+308 -1.7e+308 -1.7e+308 1666 -1.7e+308 -1.7e+308 -1.7e+308 -1.7e+308 -1.7e+308 -1.7e+308 -1.7e+308 -1.7e+308 -1.7e+308 -1.7e+308 -1.7e+308 -1.7e+308 -1.7e+308 -1.7e+308 -1.7e+308 -1.7e+308 -1.7e+308 -1.7e+308 1700 1706 1709 1714 1719 1721 1729 1730 1737 1738 1741 1741 1744 1744 1746 1740 1738 1742 1745 1743 1744 1740 1740 1734 1728 1717 1711 1703 1697 1694 1701 1699
-1.7e+308 -1.7e+308 -1.7e+308 1631 -1.7e+308 -1.7e+308 1624 -1.7e+308 -1.7e+308 -1.7e+308 -1.7e+308 -1.7e+308 -1.7e+308 -1.7e+308 -1.7e+308 -1.7e+308 -1.7e+308 -1.7e+308 -1.7e+308 -1.7e+308 -1.7e+308 -1.7e+308 -1.7e+308 -1.7e+308 -1.7e+308 -1.7e+308 -1.7e+308 -1.7e+308 -1.7e+308 -1.7e+308 -1.7e+308 -1.7e+308 -1.7e+308 -1.7e+308 -1.7e+308 -1.7e+308 1705 1710 1714 1720 1722 1726 1729 1732 1733 1740 1742 1741 1733 1733 1732 1736 1737 1743 1743 1743 1740 1735 1729 1722 1717 1708 1703 1705 1703
-1.7e+308 -1.7e+308 -1.7e+308 -1.7e+308 -1.7e+308 -1.7e+308 -1.7e+308 -1.7e+308 -1.7e+308 -1.7e+308 -1.7e+308 -1.7e+308 -1.7e+308 -1.7e+308 -1.7e+308 -1.7e+308 -1.7e+308 -1.7e+308 -1.7e+308 -1.7e+308 -1.7e+308 -1.7e+308 -1.7e+308 -1.7e+308 -1.7e+308 -1.7e+308 -1.7e+308 -1.7e+308 -1.7e+308 -1.7e+308 -1.7e+308 -1.7e+308 -1.7e+308 -1.7e+308 -1.7e+308 -1.7e+308 -1.7e+308 -1.7e+308 -1.7e+308 1714 1717 1723 1723 -1.7e+308 -1.7e+308 1741 1741 1737 1729 1729 1728 1732 1735 1740 1744 1750 1751 1748 1744 1738 1730 1722 1717 1716 1714
-1.7e+308 -1.7e+308 -1.7e+308 -1.7e+308 -1.7e+308 -1.7e+308 -1.7e+308 -1.7e+308 -1.7e+308 -1.7e+308 -1.7e+308 -1.7e+308 -1.7e+308 -1.7e+308 -1.7e+308 -1.7e+308 -1.7e+308 -1.7e+308 -1.7e+308 -1.7e+308 -1.7e+308 -1.7e+308 -1.7e+308 -1.7e+308 -1.7e+308 -1.7e+308 -1.7e+308 -1.7e+308 -1.7e+308 -1.7e+308 -1.7e+308 -1.7e+308 -1.7e+308 -1.7e+308 -1.7e+308 -1.7e+308 -1.7e+308 -1.7e+308 -1.7e+308 -1.7e+308 -1.7e+308 1715 1714 1718 1722 -1.7e+308 -1.7e+308 1731 1719 1718 1715 1719 1725 1736 1741 1752 1758 1760 1754 1754 1743 1735 1727 1722 1717
-1.7e+308 -1.7e+308 -1.7e+308 -1.7e+308 -1.7e+308 -1.7e+308 -1.7e+308 -1.7e+308 -1.7e+308 -1.7e+308 -1.7e+308 -1.7e+308 -1.7e+308 -1.7e+308 -1.7e+308 -1.7e+308 -1.7e+308 -1.7e+308 -1.7e+308 -1.7e+308 -1.7e+308 -1.7e+308 -1.7e+308 -1.7e+308 -1.7e+308 -1.7e+308 -1.7e+308 -1.7e+308 -1.7e+308 -1.7e+308 -1.7e+308 -1.7e+308 -1.7e+308 -1.7e+308 -1.7e+308 -1.7e+308 -1.7e+308 -1.7e+308 -1.7e+308 -1.7e+308 -1.7e+308 -1.7e+308 -1.7e+308 1713 1713 -1.7e+308 1724 1717 1704 1699 1699 1708 1716 1727 1740 1757 1768 1774 1771 1770 1758 1747 1736 1731 1723
-1.7e+308 -1.7e+308 -1.7e+308 -1.7e+308 -1.7e+308 -1.7e+308 -1.7e+308 -1.7e+308 -1.7e+308 -1.7e+308 -1.7e+308 -1.7e+308 -1.7e+308 -1.7e+308 -1.7e+308 -1.7e+308 -1.7e+308 -1.7e+308 -1.7e+308 -1.7e+308 -1.7e+308 -1.7e+308 -1.7e+308 -1.7e+308 -1.7e+308 -1.7e+308 -1.7e+308 -1.7e+308 -1.7e+308 -1.7e+308 -1.7e+308 -1.7e+308 -1.7e+308 -1.7e+308 -1.7e+308 -1.7e+308 -1.7e+308 -1.7e+308 -1.7e+308 -1.7e+308 -1.7e+308 -1.7e+308 -1.7e+308 -1.7e+308 -1.7e+308 1696 -1.7e+308 1689 1672 1666 1671 1686 1701 1717 1734 1753 1769 1784 1786 1779 1763 1753 1740 1732 1725
-1.7e+308 -1.7e+308 -1.7e+308 -1.7e+308 -1.7e+308 -1.7e+308 -1.7e+308 -1.7e+308 -1.7e+308 -1.7e+308 -1.7e+308 -1.7e+308 -1.7e+308 -1.7e+308 -1.7e+308 -1.7e+308 -1.7e+308 -1.7e+308 -1.7e+308 -1.7e+308 -1.7e+308 -1.7e+308 -1.7e+308 -1.7e+308 -1.7e+308 -1.7e+308 -1.7e+308 -1.7e+308 -1.7e+308 -1.7e+308 -1.7e+308 -1.7e+308 -1.7e+308 -1.7e+308 -1.7e+308 -1.7e+308 -1.7e+308 -1.7e+308 -1.7e+308 -1.7e+308 -1.7e+308 -1.7e+308 -1.7e+308 -1.7e+308 -1.7e+308 -1.7e+308 -1.7e+308 1653 -1.7e+308 -1.7e+308 1654 1667 1687 1707 1727 1748 1768 1790 1799 1786 1768 1754 1742 1732 1724
-1.7e+308 -1.7e+308 -1.7e+308 -1.7e+308 -1.7e+308 -1.7e+308 -1.7e+308 -1.7e+308 -1.7e+308 -1.7e+308 -1.7e+308 -1.7e+308 -1.7e+308 -1.7e+308 -1.7e+308 -1.7e+308 -1.7e+308 -1.7e+308 -1.7e+308 -1.7e+308 -1.7e+308 -1.7e+308 -1.7e+308 -1.7e+308 -1.7e+308 -1.7e+308 -1.7e+308 -1.7e+308 -1.7e+308 -1.7e+308 -1.7e+308 -1.7e+308 -1.7e+308 -1.7e+308 -1.7e+308 -1.7e+308 -1.7e+308 -1.7e+308 -1.7e+308 -1.7e+308 -1.7e+308 -1.7e+308 -1.7e+308 -1.7e+308 -1.7e+308 -1.7e+308 -1.7e+308 -1.7e+308 1604 1606 -1.7e+308 1651 -1.7e+308 1692 1713 1733 1753 1773 1779 1773 1759 1745 1733 1726 1717
-1.7e+308 -1.7e+308 -1.7e+308 -1.7e+308 -1.7e+308 -1.7e+308 -1.7e+308 -1.7e+308 -1.7e+308 -1.7e+308 -1.7e+308 -1.7e+308 -1.7e+308 -1.7e+308 -1.7e+308 -1.7e+308 -1.7e+308 -1.7e+308 -1.7e+308 -1.7e+308 -1.7e+308 -1.7e+308 -1.7e+308 -1.7e+308 -1.7e+308 -1.7e+308 -1.7e+308 -1.7e+308 -1.7e+308 -1.7e+308 -1.7e+308 -1.7e+308 -1.7e+308 -1.7e+308 -1.7e+308 -1.7e+308 -1.7e+308 -1.7e+308 -1.7e+308 -1.7e+308 -1.7e+308 -1.7e+308 -1.7e+308 -1.7e+308 -1.7e+308 -1.7e+308 -1.7e+308 -1.7e+308 -1.7e+308 -1.7e+308 1619 1639 -1.7e+308 1680 1698 1721 1738 1754 1758 1755 1747 1736 1726 1722 1713
-1.7e+308 -1.7e+308 -1.7e+308 -1.7e+308 -1.7e+308 -1.7e+308 -1.7e+308 -1.7e+308 -1.7e+308 -1.7e+308 -1.7e+308 -1.7e+308 -1.7e+308 -1.7e+308 -1.7e+308 -1.7e+308 -1.7e+308 -1.7e+308 -1.7e+308 -1.7e+308 -1.7e+308 -1.7e+308 -1.7e+308 -1.7e+308 -1.7e+308 -1.7e+308 -1.7e+308 -1.7e+308 -1.7e+308 -1.7e+308 -1.7e+308 -1.7e+308 -1.7e+308 -1.7e+308 -1.7e+308 -1.7e+308 -1.7e+308 -1.7e+308 -1.7e+308 -1.7e+308 -1.7e+308 -1.7e+308 -1.7e+308 -1.7e+308 -1.7e+308 -1.7e+308 -1.7e+308 -1.7e+308 -1.7e+308 -1.7e+308 -1.7e+308 1629 1645 1665 1684 1701 1715 1727 1732 1733 1726 1723 1714 1708 1701
-1.7e+308 -1.7e+308 -1.7e+308 -1.7e+308 -1.7e+308 -1.7e+308 -1.7e+308 -1.7e+308 -1.7e+308 -1.7e+308 -1.7e+308 -1.7e+308 -1.7e+308 -1.7e+308 -1.7e+308 -1.7e+308 -1.7e+308 -1.7e+308 -1.7e+308 -1.7e+308 -1.7e+308 -1.7e+308 -1.7e+308 -1.7e+308 -1.7e+308 -1.7e+308 -1.7e+308 -1.7e+308 -1.7e+308 -1.7e+308 -1.7e+308 -1.7e+308 -1.7e+308 -1.7e+308 -1.7e+308 -1.7e+308 -1.7e+308 -1.7e+308 -1.7e+308 -1.7e+308 -1.7e+308 -1.7e+308 -1.7e+308 -1.7e+308 -1.7e+308 -1.7e+308 -1.7e+308 -1.7e+308 -1.7e+308 -1.7e+308 -1.7e+308 -1.7e+308 -1.7e+308 1660 1671 1686 1698 1708 1711 1712 1708 1706 1702 1696 1692
-1.7e+308 -1.7e+308 -1.7e+308 -1.7e+308 -1.7e+308 -1.7e+308 -1.7e+308 -1.7e+308 -1.7e+308 -1.7e+308 -1.7e+308 -1.7e+308 -1.7e+308 -1.7e+308 -1.7e+308 -1.7e+308 -1.7e+308 -1.7e+308 -1.7e+308 -1.7e+308 -1.7e+308 -1.7e+308 -1.7e+308 -1.7e+308 -1.7e+308 -1.7e+308 -1.7e+308 -1.7e+308 -1.7e+308 -1.7e+308 -1.7e+308 -1.7e+308 -1.7e+308 -1.7e+308 -1.7e+308 -1.7e+308 -1.7e+308 -1.7e+308 -1.7e+308 -1.7e+308 -1.7e+308 -1.7e+308 -1.7e+308 -1.7e+308 -1.7e+308 -1.7e+308 -1.7e+308 -1.7e+308 -1.7e+308 -1.7e+308 -1.7e+308 -1.7e+308 -1.7e+308 -1.7e+308 1656 1667 1676 1685 1686 1689 1686 1685 1681 1679 1676
-1.7e+308 -1.7e+308 -1.7e+308 -1.7e+308 -1.7e+308 -1.7e+308 -1.7e+308 -1.7e+308 -1.7e+308 -1.7e+308 -1.7e+308 -1.7e+308 -1.7e+308 -1.7e+308 -1.7e+308 -1.7e+308 -1.7e+308 -1.7e+308 -1.7e+308 -1.7e+308 -1.7e+308 -1.7e+308 -1.7e+308 -1.7e+308 -1.7e+308 -1.7e+308 -1.7e+308 -1.7e+308 -1.7e+308 -1.7e+308 -1.7e+308 -1.7e+308 -1.7e+308 -1.7e+308 -1.7e+308 -1.7e+308 -1.7e+308 -1.7e+308 -1.7e+308 -1.7e+308 -1.7e+308 -1.7e+308 -1.7e+308 -1.7e+308 -1.7e+308 -1.7e+308 -1.7e+308 -1.7e+308 -1.7e+308 -1.7e+308 -1.7e+308 -1.7e+308 -1.7e+308 -1.7e+308 -1.7e+308 1656 1661 1668 1668 1671 1669 1669 1667 1666 1662
