MaxEnt_Example/FutureLayers/bio14.asc
NCOLS 182 
NROWS 155 
XLLCORNER -87.625 
YLLCORNER 24.5416666666667 
CELLSIZE 0.0416666666666666 
NODATA_value -1.7e+308 
[rows 0 to 29 of 155, columns 0 to 66 of 182]
-169999999999999993883079578865998174333346074304075874502773119193537729178160565864330091787584707988572262467983188919169916105593357174268369962062473635296474636515660464935663040684957844303524367815028553272712298986386310828644513212353921123253311675499856875650512437415429217994623324794855339589632.000000000000000 103 103 104 104 103 103 103 102 101 102 103 104 104 104 104 104 105 105 105 105 105 106 106 107 106 107 107 107 107 106 106 106 105 105 105 104 103 102 102 102 101 99 98 97 97 96 97 95 94 93 92 91 90 89 88 87 86 86 85 84 83 82 -1.7e+308 -1.7e+308 -1.7e+308 -1.7e+308
-1.7e+308 104 104 105 105 105 105 104 104 104 105 105 105 105 105 105 105 106 106 107 107 107 108 108 108 108 109 109 109 108 108 107 107 107 106 106 105 104 103 103 103 102 101 100 99 99 98 97 97 95 94 93 92 91 90 89 88 87 87 86 86 84 83 -1.7e+308 -1.7e+308 -1.7e+308 -1.7e+308
104 105 105 106 107 107 106 106 105 107 108 107 107 107 108 107 107 108 108 109 109 109 109 110 110 109 110 110 110 109 109 109 109 108 107 107 107 106 106 104 103 102 102 101 101 99 99 98 97 95 95 94 93 92 91 90 89 88 87 87 87 86 84 84 -1.7e+308 -1.7e+308 -1.7e+308
105 106 107 108 108 108 108 107 108 109 109 109 108 108 108 108 109 109 110 111 111 111 112 112 111 112 112 111 111 110 110 110 110 109 109 108 107 107 106 106 105 103 102 102 101 101 100 99 98 97 95 95 94 93 92 91 90 90 89 88 87 87 86 86 84 -1.7e+308 -1.7e+308
-1.7e+308 108 109 109 109 109 109 109 109 111 111 111 111 109 109 110 111 111 112 112 112 112 112 111 110 111 111 110 111 111 112 111 111 110 110 109 109 107 107 106 105 105 103 103 102 102 101 99 98 98 97 95 95 94 94 92 92 91 90 90 89 88 88 87 86 -1.7e+308 -1.7e+308
-1.7e+308 -1.7e+308 110 111 111 112 111 111 111 113 113 113 113 112 111 111 112 111 111 111 110 111 110 109 108 109 108 109 109 109 110 112 112 111 110 110 109 109 107 107 106 106 105 103 103 102 102 100 99 99 98 97 96 95 95 94 94 92 92 91 91 90 89 88 88 -1.7e+308 -1.7e+308
-1.7e+308 -1.7e+308 -1.7e+308 112 113 114 114 113 113 114 115 114 114 113 112 110 110 109 109 109 109 109 108 107 107 107 107 108 108 109 110 112 112 113 112 111 110 110 109 108 107 106 106 105 104 103 102 101 101 99 99 99 98 96 96 95 95 94 93 92 92 92 91 91 90 89 -1.7e+308
-1.7e+308 -1.7e+308 -1.7e+308 -1.7e+308 -1.7e+308 115 115 114 113 113 113 113 112 111 110 108 108 108 108 107 106 105 104 104 104 104 105 105 106 108 109 110 111 112 112 112 111 111 111 110 108 107 106 106 105 104 103 102 102 100 100 100 99 98 97 96 95 95 95 93 93 93 92 92 91 91 90
-1.7e+308 -1.7e+308 -1.7e+308 -1.7e+308 -1.7e+308 -1.7e+308 113 113 111 111 111 111 110 109 107 107 107 107 106 105 104 104 103 103 104 104 104 106 106 107 108 109 109 111 111 111 112 112 111 110 110 109 108 107 106 105 104 103 103 102 102 100 101 100 99 98 98 97 96 95 95 95 94 94 93 92 92
-1.7e+308 -1.7e+308 -1.7e+308 -1.7e+308 -1.7e+308 110 110 110 109 109 109 108 108 106 106 105 105 104 103 103 102 102 102 102 102 101 102 102 104 105 106 107 109 109 110 110 111 111 110 110 110 110 109 107 107 106 106 106 105 104 103 103 103 102 101 100 99 99 97 97 97 96 96 95 94 94 94
-1.7e+308 -1.7e+308 -1.7e+308 -1.7e+308 -1.7e+308 108 107 108 108 108 106 -1.7e+308 105 105 104 103 103 104 103 103 102 101 100 100 100 99 99 101 102 103 105 107 107 108 108 109 109 110 110 110 110 109 109 110 110 108 107 107 106 105 104 104 103 102 102 101 100 100 99 99 99 97 97 96 97 97 96
-1.7e+308 -1.7e+308 -1.7e+308 -1.7e+308 107 105 103 104 106 106 105 -1.7e+308 -1.7e+308 103 -1.7e+308 102 102 103 102 101 99 99 97 97 97 97 96 97 98 100 102 103 105 107 107 108 108 108 109 109 109 109 109 110 110 109 108 107 106 106 105 104 104 103 103 103 102 101 100 100 100 99 98 98 98 98 97
-1.7e+308 -1.7e+308 -1.7e+308 -1.7e+308 -1.7e+308 103 101 102 105 104 103 -1.7e+308 -1.7e+308 101 -1.7e+308 -1.7e+308 101 101 101 100 98 96 94 94 93 93 92 -1.7e+308 96 98 100 102 -1.7e+308 105 105 106 107 107 108 108 108 109 109 110 110 111 110 109 108 107 106 106 105 104 104 104 103 103 102 102 101 101 100 100 100 100 99
-1.7e+308 -1.7e+308 -1.7e+308 -1.7e+308 -1.7e+308 -1.7e+308 -1.7e+308 101 104 102 101 -1.7e+308 -1.7e+308 -1.7e+308 -1.7e+308 -1.7e+308 100 100 99 97 95 93 92 91 91 91 -1.7e+308 -1.7e+308 -1.7e+308 -1.7e+308 -1.7e+308 -1.7e+308 -1.7e+308 -1.7e+308 -1.7e+308 104 105 106 107 107 107 109 109 110 110 110 110 110 109 108 107 107 106 105 106 105 105 104 103 102 100 100 100 101 101 101 100
-1.7e+308 -1.7e+308 -1.7e+308 -1.7e+308 -1.7e+308 104 103 102 101 -1.7e+308 -1.7e+308 -1.7e+308 -1.7e+308 99 99 99 -1.7e+308 -1.7e+308 -1.7e+308 -1.7e+308 -1.7e+308 92 90 -1.7e+308 90 -1.7e+308 -1.7e+308 91 92 94 -1.7e+308 96 98 99 -1.7e+308 -1.7e+308 103 104 104 105 106 107 108 109 109 110 110 110 109 107 106 106 105 105 106 107 107 106 104 102 101 100 100 101 101 101 101
-1.7e+308 -1.7e+308 -1.7e+308 -1.7e+308 -1.7e+308 102 100 99 99 -1.7e+308 98 -1.7e+308 -1.7e+308 -1.7e+308 98 -1.7e+308 -1.7e+308 -1.7e+308 -1.7e+308 -1.7e+308 -1.7e+308 -1.7e+308 -1.7e+308 -1.7e+308 -1.7e+308 -1.7e+308 -1.7e+308 -1.7e+308 -1.7e+308 -1.7e+308 -1.7e+308 -1.7e+308 -1.7e+308 98 99 100 101 102 103 103 104 105 106 106 107 108 109 110 109 107 107 106 105 105 106 106 107 106 104 103 101 101 101 101 101 101 101
-1.7e+308 -1.7e+308 -1.7e+308 102 -1.7e+308 -1.7e+308 100 -1.7e+308 -1.7e+308 -1.7e+308 -1.7e+308 -1.7e+308 -1.7e+308 -1.7e+308 -1.7e+308 -1.7e+308 -1.7e+308 -1.7e+308 -1.7e+308 -1.7e+308 -1.7e+308 -1.7e+308 -1.7e+308 -1.7e+308 -1.7e+308 -1.7e+308 -1.7e+308 -1.7e+308 -1.7e+308 -1.7e+308 -1.7e+308 -1.7e+308 -1.7e+308 -1.7e+308 -1.7e+308 -1.7e+308 99 100 101 101 102 103 103 104 105 106 106 107 108 107 107 106 106 105 105 105 106 107 106 105 104 102 102 102 101 102 102
-1.7e+308 -1.7e+308 -1.7e+308 -1.7e+308 -1.7e+308 -1.7e+308 -1.7e+308 -1.7e+308 -1.7e+308 -1.7e+308 -1.7e+308 -1.7e+308 -1.7e+308 -1.7e+308 -1.7e+308 -1.7e+308 -1.7e+308 -1.7e+308 -1.7e+308 -1.7e+308 -1.7e+308 -1.7e+308 -1.7e+308 -1.7e+308 -1.7e+308 -1.7e+308 -1.7e+308 -1.7e+308 -1.7e+308 -1.7e+308 -1.7e+308 -1.7e+308 -1.7e+308 -1.7e+308 -1.7e+308 -1.7e+308 -1.7e+308 -1.7e+308 -1.7e+308 100 100 100 101 -1.7e+308 -1.7e+308 104 104 105 104 105 106 107 106 105 105 105 106 106 107 106 105 104 103 102 102 102 102
-1.7e+308 -1.7e+308 -1.7e+308 -1.7e+308 -1.7e+308 -1.7e+308 -1.7e+308 -1.7e+308 -1.7e+308 -1.7e+308 -1.7e+308 -1.7e+308 -1.7e+308 -1.7e+308 -1.7e+308 -1.7e+308 -1.7e+308 -1.7e+308 -1.7e+308 -1.7e+308 -1.7e+308 -1.7e+308 -1.7e+308 -1.7e+308 -1.7e+308 -1.7e+308 -1.7e+308 -1.7e+308 -1.7e+308 -1.7e+308 -1.7e+308 -1.7e+308 -1.7e+308 -1.7e+308 -1.7e+308 -1.7e+308 -1.7e+308 -1.7e+308 -1.7e+308 -1.7e+308 -1.7e+308 99 99 99 99 -1.7e+308 -1.7e+308 102 101 102 102 104 105 105 105 105 105 105 105 106 106 105 104 103 102 103 102
-1.7e+308 -1.7e+308 -1.7e+308 -1.7e+308 -1.7e+308 -1.7e+308 -1.7e+308 -1.7e+308 -1.7e+308 -1.7e+308 -1.7e+308 -1.7e+308 -1.7e+308 -1.7e+308 -1.7e+308 -1.7e+308 -1.7e+308 -1.7e+308 -1.7e+308 -1.7e+308 -1.7e+308 -1.7e+308 -1.7e+308 -1.7e+308 -1.7e+308 -1.7e+308 -1.7e+308 -1.7e+308 -1.7e+308 -1.7e+308 -1.7e+308 -1.7e+308 -1.7e+308 -1.7e+308 -1.7e+308 -1.7e+308 -1.7e+308 -1.7e+308 -1.7e+308 -1.7e+308 -1.7e+308 -1.7e+308 -1.7e+308 97 97 -1.7e+308 98 98 97 97 98 100 101 104 105 105 105 105 104 104 105 104 104 103 102 103 102
-1.7e+308 -1.7e+308 -1.7e+308 -1.7e+308 -1.7e+308 -1.7e+308 -1.7e+308 -1.7e+308 -1.7e+308 -1.7e+308 -1.7e+308 -1.7e+308 -1.7e+308 -1.7e+308 -1.7e+308 -1.7e+308 -1.7e+308 -1.7e+308 -1.7e+308 -1.7e+308 -1.7e+308 -1.7e+308 -1.7e+308 -1.7e+308 -1.7e+308 -1.7e+308 -1.7e+308 -1.7e+308 -1.7e+308 -1.7e+308 -1.7e+308 -1.7e+308 -1.7e+308 -1.7e+308 -1.7e+308 -1.7e+308 -1.7e+308 -1.7e+308 -1.7e+308 -1.7e+308 -1.7e+308 -1.7e+308 -1.7e+308 -1.7e+308 -1.7e+308 94 -1.7e+308 93 92 91 93 95 97 100 103 103 103 103 102 103 103 103 103 103 103 102 102
-1.7e+308 -1.7e+308 -1.7e+308 -1.7e+308 -1.7e+308 -1.7e+308 -1.7e+308 -1.7e+308 -1.7e+308 -1.7e+308 -1.7e+308 -1.7e+308 -1.7e+308 -1.7e+308 -1.7e+308 -1.7e+308 -1.7e+308 -1.7e+308 -1.7e+308 -1.7e+308 -1.7e+308 -1.7e+308 -1.7e+308 -1.7e+308 -1.7e+308 -1.7e+308 -1.7e+308 -1.7e+308 -1.7e+308 -1.7e+308 -1.7e+308 -1.7e+308 -1.7e+308 -1.7e+308 -1.7e+308 -1.7e+308 -1.7e+308 -1.7e+308 -1.7e+308 -1.7e+308 -1.7e+308 -1.7e+308 -1.7e+308 -1.7e+308 -1.7e+308 -1.7e+308 -1.7e+308 88 -1.7e+308 -1.7e+308 89 91 93 96 99 102 102 102 102 102 102 102 102 102 102 101 101
-1.7e+308 -1.7e+308 -1.7e+308 -1.7e+308 -1.7e+308 -1.7e+308 -1.7e+308 -1.7e+308 -1.7e+308 -1.7e+308 -1.7e+308 -1.7e+308 -1.7e+308 -1.7e+308 -1.7e+308 -1.7e+308 -1.7e+308 -1.7e+308 -1.7e+308 -1.7e+308 -1.7e+308 -1.7e+308 -1.7e+308 -1.7e+308 -1.7e+308 -1.7e+308 -1.7e+308 -1.7e+308 -1.7e+308 -1.7e+308 -1.7e+308 -1.7e+308 -1.7e+308 -1.7e+308 -1.7e+308 -1.7e+308 -1.7e+308 -1.7e+308 -1.7e+308 -1.7e+308 -1.7e+308 -1.7e+308 -1.7e+308 -1.7e+308 -1.7e+308 -1.7e+308 -1.7e+308 -1.7e+308 81 82 -1.7e+308 88 -1.7e+308 93 96 98 101 100 100 100 100 100 100 100 100 99 99
-1.7e+308 -1.7e+308 -1.7e+308 -1.7e+308 -1.7e+308 -1.7e+308 -1.7e+308 -1.7e+308 -1.7e+308 -1.7e+308 -1.7e+308 -1.7e+308 -1.7e+308 -1.7e+308 -1.7e+308 -1.7e+308 -1.7e+308 -1.7e+308 -1.7e+308 -1.7e+308 -1.7e+308 -1.7e+308 -1.7e+308 -1.7e+308 -1.7e+308 -1.7e+308 -1.7e+308 -1.7e+308 -1.7e+308 -1.7e+308 -1.7e+308 -1.7e+308 -1.7e+308 -1.7e+308 -1.7e+308 -1.7e+308 -1.7e+308 -1.7e+308 -1.7e+308 -1.7e+308 -1.7e+308 -1.7e+308 -1.7e+308 -1.7e+308 -1.7e+308 -1.7e+308 -1.7e+308 -1.7e+308 -1.7e+308 -1.7e+308 83 84 -1.7e+308 90 92 95 98 99 99 99 99 99 99 99 99 98 98
-1.7e+308 -1.7e+308 -1.7e+308 -1.7e+308 -1.7e+308 -1.7e+308 -1.7e+308 -1.7e+308 -1.7e+308 -1.7e+308 -1.7e+308 -1.7e+308 -1.7e+308 -1.7e+308 -1.7e+308 -1.7e+308 -1.7e+308 -1.7e+308 -1.7e+308 -1.7e+308 -1.7e+308 -1.7e+308 -1.7e+308 -1.7e+308 -1.7e+308 -1.7e+308 -1.7e+308 -1.7e+308 -1.7e+308 -1.7e+308 -1.7e+308 -1.7e+308 -1.7e+308 -1.7e+308 -1.7e+308 -1.7e+308 -1.7e+308 -1.7e+308 -1.7e+308 -1.7e+308 -1.7e+308 -1.7e+308 -1.7e+308 -1.7e+308 -1.7e+308 -1.7e+308 -1.7e+308 -1.7e+308 -1.7e+308 -1.7e+308 -1.7e+308 83 85 88 90 92 94 96 98 97 97 97 97 97 97 96 96
-1.7e+308 -1.7e+308 -1.7e+308 -1.7e+308 -1.7e+308 -1.7e+308 -1.7e+308 -1.7e+308 -1.7e+308 -1.7e+308 -1.7e+308 -1.7e+308 -1.7e+308 -1.7e+308 -1.7e+308 -1.7e+308 -1.7e+308 -1.7e+308 -1.7e+308 -1.7e+308 -1.7e+308 -1.7e+308 -1.7e+308 -1.7e+308 -1.7e+308 -1.7e+308 -1.7e+308 -1.7e+308 -1.7e+308 -1.7e+308 -1.7e+308 -1.7e+308 -1.7e+308 -1.7e+308 -1.7e+308 -1.7e+308 -1.7e+308 -1.7e+308 -1.7e+308 -1.7e+308 -1.7e+308 -1.7e+308 -1.7e+308 -1.7e+308 -1.7e+308 -1.7e+308 -1.7e+308 -1.7e+308 -1.7e+308 -1.7e+308 -1.7e+308 -1.7e+308 -1.7e+308 86 88 89 92 93 94 96 96 96 96 96 96 96 95
-1.7e+308 -1.7e+308 -1.7e+308 -1.7e+308 -1.7e+308 -1.7e+308 -1.7e+308 -1.7e+308 -1.7e+308 -1.7e+308 -1.7e+308 -1.7e+308 -1.7e+308 -1.7e+308 -1.7e+308 -1.7e+308 -1.7e+308 -1.7e+308 -1.7e+308 -1.7e+308 -1.7e+308 -1.7e+308 -1.7e+308 -1.7e+308 -1.7e+308 -1.7e+308 -1.7e+308 -1.7e+308 -1.7e+308 -1.7e+308 -1.7e+308 -1.7e+308 -1.7e+308 -1.7e+308 -1.7e+308 -1.7e+308 -1.7e+308 -1.7e+308 -1.7e+308 -1.7e+308 -1.7e+308 -1.7e+308 -1.7e+308 -1.7e+308 -1.7e+308 -1.7e+308 -1.7e+308 -1.7e+308 -1.7e+308 -1.7e+308 -1.7e+308 -1.7e+308 -1.7e+308 -1.7e+308 86 87 88 90 91 92 93 94 94 94 94 93 93
-1.7e+308 -1.7e+308 -1.7e+308 -1.7e+308 -1.7e+308 -1.7e+308 -1.7e+308 -1.7e+308 -1.7e+308 -1.7e+308 -1.7e+308 -1.7e+308 -1.7e+308 -1.7e+308 -1.7e+308 -1.7e+308 -1.7e+308 -1.7e+308 -1.7e+308 -1.7e+308 -1.7e+308 -1.7e+308 -1.7e+308 -1.7e+308 -1.7e+308 -1.7e+308 -1.7e+308 -1.7e+308 -1.7e+308 -1.7e+308 -1.7e+308 -1.7e+308 -1.7e+308 -1.7e+308 -1.7e+308 -1.7e+308 -1.7e+308 -1.7e+308 -1.7e+308 -1.7e+308 -1.7e+308 -1.7e+308 -1.7e+308 -1.7e+308 -1.7e+308 -1.7e+308 -1.7e+308 -1.7e+308 -1.7e+308 -1.7e+308 -1.7e+308 -1.7e+308 -1.7e+308 -1.7e+308 -1.7e+308 85 86 87 88 89 90 91 93 93 92 92 92
-1.7e+308 -1.7e+308 -1.7e+308 -1.7e+308 -1.7e+308 -1.7e+308 -1.7e+308 -1.7e+308 -1.7e+308 -1.7e+308 -1.7e+308 -1.7e+308 -1.7e+308 -1.7e+308 -1.7e+308 -1.7e+308 -1.7e+308 -1.7e+308 -1.7e+308 -1.7e+308 -1.7e+308 -1.7e+308 -1.7e+308 -1.7e+308 -1.7e+308 -1.7e+308 -1.7e+308 -1.7e+308 -1.7e+308 -1.7e+308 -1.7e+308 -1.7e+308 -1.7e+308 -1.7e+308 -1.7e+308 -1.7e+308 -1.7e+308 -1.7e+308 -1.7e+308 -1.7e+308 -1.7e+308 -1.7e+308 -1.7e+308 -1.7e+308 -1.7e+308 -1.7e+308 -1.7e+308 -1.7e+308 -1.7e+308 -1.7e+308 -1.7e+308 -1.7e+308 -1.7e+308 -1.7e+308 -1.7e+308 -1.7e+308 84 85 86 87 87 88 89 91 91 91 -1.7e+308
-1.7e+308 -1.7e+308 -1.7e+308 -1.7e+308 -1.7e+308 -1.7e+308 -1.7e+308 -1.7e+308 -1.7e+308 -1.7e+308 -1.7e+308 -1.7e+308 -1.7e+308 -1.7e+308 -1.7e+308 -1.7e+308 -1.7e+308 -1.7e+308 -1.7e+308 -1.7e+308 -1.7e+308 -1.7e+308 -1.7e+308 -1.7e+308 -1.7e+308 -1.7e+308 -1.7e+308 -1.7e+308 -1.7e+308 -1.7e+308 -1.7e+308 -1.7e+308 -1.7e+308 -1.7e+308 -1.7e+308 -1.7e+308 -1.7e+308 -1.7e+308 -1.7e+308 -1.7e+308 -1.7e+308 -1.7e+308 -1.7e+308 -1.7e+308 -1.7e+308 -1.7e+308 -1.7e+308 -1.7e+308 -1.7e+308 -1.7e+308 -1.7e+308 -1.7e+308 -1.7e+308 -1.7e+308 -1.7e+308 -1.7e+308 82 83 84 84 85 85 87 88 90 -1.7e+308 90
