MaxEnt_Example/FutureLayers/bio4.asc
NCOLS 182 
NROWS 155 
XLLCORNER -87.625 
YLLCORNER 24.5416666666667 
CELLSIZE 0.0416666666666666 
NODATA_value -1.7e+308 
[rows 0 to 27 of 155, columns 65 to 129 of 182]
-1.7e+308 -1.7e+308 -1.7e+308 -1.7e+308 -1.7e+308 -1.7e+308 -1.7e+308 -1.7e+308 -1.7e+308 -1.7e+308 -1.7e+308 -1.7e+308 -1.7e+308 -1.7e+308 -1.7e+308 -1.7e+308 -1.7e+308 -1.7e+308 -1.7e+308 -1.7e+308 -1.7e+308 -1.7e+308 -1.7e+308 -1.7e+308 -1.7e+308 -1.7e+308 -1.7e+308 -1.7e+308 -1.7e+308 -1.7e+308 -1.7e+308 -1.7e+308 -1.7e+308 -1.7e+308 -1.7e+308 -1.7e+308 -1.7e+308 -1.7e+308 -1.7e+308 -1.7e+308 -1.7e+308 -1.7e+308 -1.7e+308 -1.7e+308 -1.7e+308 -1.7e+308 -1.7e+308 -1.7e+308 -1.7e+308 -1.7e+308 -1.7e+308 -1.7e+308 -1.7e+308 -1.7e+308 -1.7e+308 -1.7e+308 -1.7e+308 -1.7e+308 -1.7e+308 -1.7e+308 -1.7e+308 -1.7e+308 -1.7e+308 -1.7e+308 -1.7e+308
-1.7e+308 -1.7e+308 -1.7e+308 -1.7e+308 -1.7e+308 -1.7e+308 -1.7e+308 -1.7e+308 -1.7e+308 -1.7e+308 -1.7e+308 -1.7e+308 -1.7e+308 -1.7e+308 -1.7e+308 -1.7e+308 -1.7e+308 -1.7e+308 -1.7e+308 -1.7e+308 -1.7e+308 -1.7e+308 -1.7e+308 -1.7e+308 -1.7e+308 -1.7e+308 -1.7e+308 -1.7e+308 -1.7e+308 -1.7e+308 -1.7e+308 -1.7e+308 -1.7e+308 -1.7e+308 -1.7e+308 -1.7e+308 -1.7e+308 -1.7e+308 -1.7e+308 -1.7e+308 -1.7e+308 -1.7e+308 -1.7e+308 -1.7e+308 -1.7e+308 -1.7e+308 -1.7e+308 -1.7e+308 -1.7e+308 -1.7e+308 -1.7e+308 -1.7e+308 -1.7e+308 -1.7e+308 -1.7e+308 -1.7e+308 -1.7e+308 -1.7e+308 -1.7e+308 -1.7e+308 -1.7e+308 -1.7e+308 -1.7e+308 -1.7e+308 -1.7e+308
-1.7e+308 -1.7e+308 -1.7e+308 -1.7e+308 -1.7e+308 -1.7e+308 -1.7e+308 -1.7e+308 -1.7e+308 -1.7e+308 -1.7e+308 -1.7e+308 -1.7e+308 -1.7e+308 -1.7e+308 -1.7e+308 -1.7e+308 -1.7e+308 -1.7e+308 -1.7e+308 -1.7e+308 -1.7e+308 -1.7e+308 -1.7e+308 -1.7e+308 -1.7e+308 -1.7e+308 -1.7e+308 -1.7e+308 -1.7e+308 -1.7e+308 -1.7e+308 -1.7e+308 -1.7e+308 -1.7e+308 -1.7e+308 -1.7e+308 -1.7e+308 -1.7e+308 -1.7e+308 -1.7e+308 -1.7e+308 -1.7e+308 -1.7e+308 -1.7e+308 -1.7e+308 -1.7e+308 -1.7e+308 -1.7e+308 -1.7e+308 -1.7e+308 -1.7e+308 -1.7e+308 -1.7e+308 -1.7e+308 -1.7e+308 -1.7e+308 -1.7e+308 -1.7e+308 -1.7e+308 -1.7e+308 -1.7e+308 -1.7e+308 -1.7e+308 -1.7e+308
-1.7e+308 -1.7e+308 -1.7e+308 -1.7e+308 -1.7e+308 -1.7e+308 -1.7e+308 -1.7e+308 -1.7e+308 -1.7e+308 -1.7e+308 -1.7e+308 -1.7e+308 -1.7e+308 -1.7e+308 -1.7e+308 -1.7e+308 -1.7e+308 -1.7e+308 -1.7e+308 -1.7e+308 -1.7e+308 -1.7e+308 -1.7e+308 -1.7e+308 -1.7e+308 -1.7e+308 -1.7e+308 -1.7e+308 -1.7e+308 -1.7e+308 -1.7e+308 -1.7e+308 -1.7e+308 -1.7e+308 -1.7e+308 -1.7e+308 -1.7e+308 -1.7e+308 -1.7e+308 -1.7e+308 -1.7e+308 -1.7e+308 -1.7e+308 -1.7e+308 -1.7e+308 -1.7e+308 -1.7e+308 -1.7e+308 -1.7e+308 -1.7e+308 -1.7e+308 -1.7e+308 -1.7e+308 -1.7e+308 -1.7e+308 -1.7e+308 -1.7e+308 -1.7e+308 -1.7e+308 -1.7e+308 -1.7e+308 -1.7e+308 -1.7e+308 -1.7e+308
-1.7e+308 -1.7e+308 -1.7e+308 -1.7e+308 -1.7e+308 -1.7e+308 -1.7e+308 -1.7e+308 -1.7e+308 -1.7e+308 -1.7e+308 -1.7e+308 -1.7e+308 -1.7e+308 -1.7e+308 -1.7e+308 -1.7e+308 -1.7e+308 -1.7e+308 -1.7e+308 -1.7e+308 -1.7e+308 -1.7e+308 -1.7e+308 -1.7e+308 -1.7e+308 -1.7e+308 -1.7e+308 -1.7e+308 -1.7e+308 -1.7e+308 -1.7e+308 -1.7e+308 -1.7e+308 -1.7e+308 -1.7e+308 -1.7e+308 -1.7e+308 -1.7e+308 -1.7e+308 -1.7e+308 -1.7e+308 -1.7e+308 -1.7e+308 -1.7e+308 -1.7e+308 -1.7e+308 -1.7e+308 -1.7e+308 -1.7e+308 -1.7e+308 -1.7e+308 -1.7e+308 -1.7e+308 -1.7e+308 -1.7e+308 -1.7e+308 -1.7e+308 -1.7e+308 -1.7e+308 -1.7e+308 -1.7e+308 -1.7e+308 -1.7e+308 -1.7e+308
-1.7e+308 -1.7e+308 -1.7e+308 -1.7e+308 -1.7e+308 -1.7e+308 -1.7e+308 -1.7e+308 -1.7e+308 -1.7e+308 -1.7e+308 -1.7e+308 -1.7e+308 -1.7e+308 -1.7e+308 -1.7e+308 -1.7e+308 -1.7e+308 -1.7e+308 -1.7e+308 -1.7e+308 -1.7e+308 -1.7e+308 -1.7e+308 -1.7e+308 -1.7e+308 -1.7e+308 -1.7e+308 -1.7e+308 -1.7e+308 -1.7e+308 -1.7e+308 -1.7e+308 -1.7e+308 -1.7e+308 -1.7e+308 -1.7e+308 -1.7e+308 -1.7e+308 -1.7e+308 -1.7e+308 -1.7e+308 -1.7e+308 -1.7e+308 -1.7e+308 -1.7e+308 -1.7e+308 -1.7e+308 -1.7e+308 -1.7e+308 -1.7e+308 -1.7e+308 -1.7e+308 -1.7e+308 -1.7e+308 -1.7e+308 -1.7e+308 -1.7e+308 -1.7e+308 -1.7e+308 -1.7e+308 -1.7e+308 -1.7e+308 -1.7e+308 -1.7e+308
6352 -1.7e+308 -1.7e+308 -1.7e+308 -1.7e+308 -1.7e+308 -1.7e+308 -1.7e+308 -1.7e+308 -1.7e+308 -1.7e+308 -1.7e+308 -1.7e+308 -1.7e+308 -1.7e+308 -1.7e+308 -1.7e+308 -1.7e+308 -1.7e+308 -1.7e+308 -1.7e+308 -1.7e+308 -1.7e+308 -1.7e+308 -1.7e+308 -1.7e+308 -1.7e+308 -1.7e+308 -1.7e+308 -1.7e+308 -1.7e+308 -1.7e+308 -1.7e+308 -1.7e+308 -1.7e+308 -1.7e+308 -1.7e+308 -1.7e+308 -1.7e+308 -1.7e+308 -1.7e+308 -1.7e+308 -1.7e+308 -1.7e+308 -1.7e+308 -1.7e+308 -1.7e+308 -1.7e+308 -1.7e+308 -1.7e+308 -1.7e+308 -1.7e+308 -1.7e+308 -1.7e+308 -1.7e+308 -1.7e+308 -1.7e+308 -1.7e+308 -1.7e+308 -1.7e+308 -1.7e+308 -1.7e+308 -1.7e+308 -1.7e+308 -1.7e+308
6334 6327 6331 6331 6324 6321 6308 6304 6292 6281 6286 6285 6282 6279 -1.7e+308 -1.7e+308 -1.7e+308 -1.7e+308 -1.7e+308 -1.7e+308 -1.7e+308 -1.7e+308 -1.7e+308 -1.7e+308 -1.7e+308 -1.7e+308 -1.7e+308 -1.7e+308 -1.7e+308 -1.7e+308 -1.7e+308 -1.7e+308 -1.7e+308 -1.7e+308 -1.7e+308 -1.7e+308 -1.7e+308 -1.7e+308 -1.7e+308 -1.7e+308 -1.7e+308 -1.7e+308 -1.7e+308 -1.7e+308 -1.7e+308 -1.7e+308 -1.7e+308 -1.7e+308 -1.7e+308 -1.7e+308 -1.7e+308 -1.7e+308 -1.7e+308 -1.7e+308 -1.7e+308 -1.7e+308 -1.7e+308 -1.7e+308 -1.7e+308 -1.7e+308 -1.7e+308 -1.7e+308 -1.7e+308 -1.7e+308 -1.7e+308
6301 6303 6314 6312 6295 6294 6288 6281 6272 6268 6269 6268 6270 6268 6267 6257 6254 6254 6245 6237 6230 6222 6216 6208 6201 6186 6193 6190 6189 6184 6181 6173 6172 6180 -1.7e+308 -1.7e+308 -1.7e+308 -1.7e+308 -1.7e+308 -1.7e+308 -1.7e+308 -1.7e+308 -1.7e+308 -1.7e+308 -1.7e+308 -1.7e+308 -1.7e+308 -1.7e+308 -1.7e+308 -1.7e+308 -1.7e+308 -1.7e+308 -1.7e+308 -1.7e+308 -1.7e+308 -1.7e+308 -1.7e+308 -1.7e+308 -1.7e+308 -1.7e+308 -1.7e+308 -1.7e+308 -1.7e+308 -1.7e+308 -1.7e+308
6284 6283 6293 6287 6279 6275 6271 6269 6254 6250 6254 6255 6254 6252 6254 6244 6241 6241 6236 6228 6227 6211 6199 6194 6187 6172 6176 6165 6178 6173 6169 6173 6166 6159 6164 6166 6162 6163 6155 6154 6163 6157 6164 6166 6146 6146 6135 6125 6118 6114 6109 -1.7e+308 -1.7e+308 -1.7e+308 -1.7e+308 -1.7e+308 -1.7e+308 -1.7e+308 -1.7e+308 -1.7e+308 -1.7e+308 -1.7e+308 -1.7e+308 -1.7e+308 -1.7e+308
6253 6253 6257 6253 6251 6245 6235 6229 6227 6225 6220 6235 6233 6233 6232 6223 6222 6224 6220 6214 6204 6198 6181 6173 6174 6177 6154 6149 6144 6151 6157 6145 6140 6136 6141 6163 6159 6142 6149 6146 6132 6143 6138 6132 6127 6122 6129 6112 6114 6101 6089 6081 6076 6066 6066 6062 6039 6024 6007 6005 5993 5990 5980 5972 5967
6236 6235 6236 6233 6231 6234 6217 6216 6217 6216 6218 6227 6227 6222 6217 6209 6209 6209 6208 6196 6188 6182 6176 6167 6169 6164 6144 6139 6134 6149 6137 6130 6117 6124 6141 6145 6137 6130 6128 6121 6126 6130 6119 6108 6102 6107 6109 6099 6099 6095 6092 6079 6072 6055 6048 6032 6009 6004 5988 5977 5965 5963 5951 5945 -1.7e+308
6215 6216 6207 6207 6201 6198 6200 6195 6195 6194 6201 6213 6219 6212 6204 6191 6191 6191 6186 6173 6165 6156 6152 6143 6143 6139 6132 6117 6120 6121 6120 6109 6113 6120 6118 6120 6122 6120 6108 6103 6121 6113 6107 6095 6099 6091 6084 6069 6071 6063 6061 6053 6051 6040 6003 5988 5972 5956 5944 5945 5934 5924 5924 5918 5938
6196 6201 6194 6190 6189 6189 6186 6191 6188 6187 6189 6205 6215 6205 6191 6182 6174 6178 6167 6157 6152 6147 6140 6135 6123 6118 6119 6110 6114 6106 6097 6093 6091 6104 6102 6101 6101 6092 6091 6093 6096 6099 6079 6067 6077 6068 6055 6060 6055 6041 6033 6024 6018 6006 5981 5968 5947 5944 5942 5941 5931 5928 5928 5915 5923
6159 6161 6155 6155 6159 6157 6165 6159 6158 6163 6165 6180 6191 6178 6170 6161 6155 6151 6149 6134 6128 6125 6122 6108 6102 6093 6091 6085 6088 6076 6075 6071 6060 6063 6063 6070 6071 6068 6060 6050 6046 6041 6041 6038 6050 6032 6024 6021 6013 6011 5997 5981 5961 5955 5942 5931 5917 5911 5909 5909 5905 5915 5923 5920 5905
6150 6142 6135 6139 6139 6143 6156 6156 6160 6154 6152 6158 6172 6162 6153 6151 6148 6137 6133 6126 6113 6101 6103 6093 6084 6075 6080 6072 6072 6065 6055 6052 6049 6046 6055 6056 6048 6044 6034 6028 6028 6027 6036 6032 6028 6012 6002 5996 5982 5971 5966 5957 5944 5927 5914 5894 5899 5900 5884 5878 5896 5897 5899 5901 5896
6111 6114 6105 6109 6113 6112 6115 6121 6118 6122 6122 6123 6138 6130 6122 6119 6114 6102 6092 6088 6085 6077 6067 6049 6036 6034 6033 6032 6032 6026 6015 6014 6022 6023 6019 6012 6010 6010 6003 6004 6006 5998 6001 5989 5973 5962 5955 5947 5936 5923 5924 5919 5904 5893 5886 5878 5880 5878 5868 5865 5874 5866 5889 5880 5875
6094 6090 6091 6092 6090 6093 6098 6102 6112 6113 6114 6106 6109 6113 6105 6098 6093 6087 6076 6067 6067 6067 6052 6049 6032 6014 6018 6019 6013 6003 5997 6001 6003 6003 5997 5999 5999 6001 5991 5983 5992 5992 5978 5961 5956 5944 5940 5934 5921 5910 5900 5888 5879 5875 5867 5865 5868 5864 5847 5847 5840 5848 5861 5857 5854
6073 6080 6081 6083 6079 6072 6066 6065 6071 6073 6085 6086 6084 6084 6075 6066 6073 6064 6057 6040 6026 6018 6024 6016 6006 5991 5995 5991 5989 5985 5983 5983 5975 5975 5986 5989 5987 5985 5985 5982 5977 5964 5958 5958 5934 5932 5921 5900 5891 5882 5869 5859 5862 5855 5846 5838 5832 5831 5829 5826 5833 5833 5840 5840 5822
6055 6058 6054 6054 6062 6063 6058 6058 6060 6057 6072 6062 6061 6060 6059 6050 6046 6052 6047 6033 6022 6006 6002 5998 5993 5974 5979 5978 5974 5961 5960 5958 5955 5953 5961 5968 5967 5960 5967 5968 5969 5967 5954 5948 5928 5922 5907 5882 5865 5859 5850 5842 5836 5825 5818 5813 5806 5806 5803 5801 5820 5815 5812 5810 5802
6019 6025 6029 6030 6029 6017 6023 6033 6040 6039 6039 6043 6041 6029 6033 6037 6024 6007 6005 6006 5995 5978 5967 5970 5965 5960 5945 5944 5943 5936 5923 5916 5915 5928 5937 5942 5945 5951 5959 5958 5951 5945 5935 5930 5915 5889 5870 5851 5848 5833 5819 5810 5811 5798 5779 5777 5775 5786 5772 5768 5772 5771 5775 5773 5760
5999 5998 5997 6000 6006 6008 6008 6013 6022 6015 6020 6017 6023 6013 6005 6008 6003 5990 5978 5981 5974 5968 5958 5949 5944 5934 5931 5924 5920 5918 5907 5898 5910 5903 5921 5929 5949 5947 5948 5947 5930 5924 5921 5909 5895 5873 5847 5833 5831 5820 5804 5796 5792 5781 5773 5768 5774 5767 5754 5747 5752 5755 5748 5740 5739
5978 5979 5977 5979 5989 5987 5999 5994 5994 5993 5990 5986 5985 -1.7e+308 -1.7e+308 -1.7e+308 -1.7e+308 -1.7e+308 -1.7e+308 -1.7e+308 -1.7e+308 -1.7e+308 -1.7e+308 5921 5916 5908 5891 5886 5888 5877 5880 5875 5881 5892 5896 5900 5909 5915 5909 5903 5919 5926 5916 5897 5881 5855 5846 5826 5800 5782 5779 5761 5756 5752 5750 5732 5744 5734 5736 5728 5733 5732 5732 5728 5717
5964 5965 5966 5962 5979 5978 5984 5980 5968 5973 5976 5971 5966 -1.7e+308 -1.7e+308 -1.7e+308 -1.7e+308 -1.7e+308 -1.7e+308 -1.7e+308 -1.7e+308 -1.7e+308 -1.7e+308 -1.7e+308 -1.7e+308 5888 5876 5870 5869 5853 5860 5860 5866 5881 5882 5885 5892 5894 5888 5890 5907 5910 5902 5887 5865 5848 5828 5822 5783 5770 5757 5749 5747 5729 5723 5718 5710 5709 5713 5710 5717 5708 5706 5705 5693
5932 5927 5929 5930 5933 5932 5930 5937 5930 5930 5931 -1.7e+308 -1.7e+308 5943 -1.7e+308 -1.7e+308 -1.7e+308 -1.7e+308 -1.7e+308 -1.7e+308 -1.7e+308 -1.7e+308 -1.7e+308 -1.7e+308 -1.7e+308 -1.7e+308 -1.7e+308 5874 5878 5867 5851 5834 5839 5844 5855 5858 5859 5857 5861 5858 5867 5871 5878 5851 5842 5817 5813 5790 5781 5768 5753 5734 5735 5723 5707 5700 5694 5691 5680 5678 5684 5677 5669 5670 5664
5906 5911 5924 5914 5924 5916 5922 5920 5909 5911 5912 5911 5926 5917 -1.7e+308 -1.7e+308 -1.7e+308 -1.7e+308 -1.7e+308 -1.7e+308 -1.7e+308 -1.7e+308 -1.7e+308 -1.7e+308 -1.7e+308 -1.7e+308 -1.7e+308 -1.7e+308 -1.7e+308 5860 5844 5831 5830 5833 5839 5848 5856 5855 5858 5850 5858 5858 5842 5834 5826 5806 5787 5775 5767 5757 5738 5720 5716 5700 5689 5682 5678 5668 5658 5658 5664 5657 5643 5647 5631
5890 5889 5883 5882 5886 5881 5888 5882 5888 -1.7e+308 -1.7e+308 -1.7e+308 -1.7e+308 -1.7e+308 -1.7e+308 -1.7e+308 -1.7e+308 -1.7e+308 -1.7e+308 -1.7e+308 -1.7e+308 -1.7e+308 -1.7e+308 -1.7e+308 -1.7e+308 -1.7e+308 -1.7e+308 -1.7e+308 -1.7e+308 -1.7e+308 5817 5809 5812 5814 5830 5835 5837 5839 5847 5844 5846 5819 5794 5802 5784 5774 5753 5735 5745 5732 5724 5694 5681 5673 5653 5647 5648 5639 5639 5637 5630 5626 5614 5619 5617
5877 5876 5874 5874 5866 5860 5879 -1.7e+308 -1.7e+308 -1.7e+308 -1.7e+308 -1.7e+308 -1.7e+308 -1.7e+308 -1.7e+308 -1.7e+308 -1.7e+308 -1.7e+308 -1.7e+308 -1.7e+308 -1.7e+308 -1.7e+308 -1.7e+308 -1.7e+308 -1.7e+308 -1.7e+308 -1.7e+308 -1.7e+308 -1.7e+308 -1.7e+308 -1.7e+308 5794 5795 5802 5830 5825 5825 5821 5827 5825 5818 5803 5792 5775 5772 5747 5731 5716 5722 5701 5692 5662 5653 5645 5630 5623 5628 5621 5613 5620 5611 5598 5604 5597 5592
