MaxEnt_Example/FutureLayers/bio4.asc
NCOLS 182 
NROWS 155 
XLLCORNER -87.625 
YLLCORNER 24.5416666666667 
CELLSIZE 0.0416666666666666 
NODATA_value -1.7e+308 
[rows 0 to 27 of 155, columns 0 to 64 of 182]
-169999999999999993883079578865998174333346074304075874502773119193537729178160565864330091787584707988572262467983188919169916105593357174268369962062473635296474636515660464935663040684957844303524367815028553272712298986386310828644513212353921123253311675499856875650512437415429217994623324794855339589632.000000000000000 6486 6484 6480 6476 6471 6465 6467 6453 6441 6432 6432 6431 6430 6432 6441 6459 6476 6489 6503 6517 6524 6539 6547 6553 6554 6561 6566 6569 6562 6560 6569 6566 6556 6554 6562 6558 6558 6559 6556 6550 6552 6543 6543 6555 6548 6551 6556 6546 6545 6550 6548 6538 6551 6535 6520 6535 6510 6496 6493 6494 6470 6469 -1.7e+308 -1.7e+308
-1.7e+308 6469 6463 6458 6457 6454 6452 6448 6437 6439 6434 6436 6429 6436 6440 6445 6456 6475 6486 6496 6505 6515 6524 6534 6538 6546 6547 6552 6553 6551 6549 6552 6546 6541 6540 6541 6540 6542 6539 6530 6529 6527 6520 6521 6524 6523 6521 6525 6519 6528 6532 6523 6514 6523 6512 6506 6498 6473 6464 6464 6469 6461 6446 -1.7e+308 -1.7e+308
6422 6425 6427 6430 6429 6423 6420 6419 6417 6424 6424 6416 6415 6416 6423 6430 6438 6440 6454 6468 6479 6482 6496 6502 6508 6513 6520 6522 6524 6525 6523 6523 6522 6508 6501 6501 6500 6501 6494 6494 6491 6495 6491 6492 6492 6502 6493 6490 6490 6490 6493 6497 6481 6490 6486 6487 6466 6466 6453 6451 6446 6446 6432 6425 -1.7e+308
6407 6402 6408 6411 6412 6409 6412 6411 6409 6419 6421 6428 6423 6427 6436 6443 6444 6449 6459 6467 6472 6476 6485 6499 6497 6502 6509 6508 6505 6506 6506 6502 6499 6491 6489 6490 6489 6485 6477 6481 6476 6481 6470 6469 6475 6483 6470 6469 6472 6473 6463 6474 6467 6470 6456 6463 6450 6441 6436 6426 6422 6427 6411 6404 6410
-1.7e+308 6377 6374 6374 6382 6384 6384 6382 6387 6389 6398 6402 6404 6410 6415 6422 6425 6440 6446 6456 6451 6458 6466 6471 6471 6480 6481 6481 6480 6480 6479 6474 6467 6457 6454 6452 6449 6456 6455 6450 6451 6449 6451 6454 6448 6449 6430 6438 6438 6435 6435 6442 6440 6429 6415 6425 6417 6425 6412 6407 6404 6399 6394 6373 6383
-1.7e+308 -1.7e+308 6366 6371 6367 6378 6376 6383 6382 6388 6396 6398 6413 6420 6427 6428 6432 6440 6447 6445 6449 6461 6461 6463 6465 6470 6469 6472 6468 6469 6463 6462 6456 6443 6438 6431 6422 6432 6432 6432 6433 6426 6431 6438 6427 6417 6410 6419 6419 6416 6416 6414 6414 6397 6389 6405 6400 6402 6393 6398 6389 6374 6378 6359 6361
-1.7e+308 -1.7e+308 -1.7e+308 6343 6347 6352 6357 6358 6367 6376 6386 6395 6410 6423 6437 6435 6436 6434 6431 6432 6433 6443 6443 6446 6451 6461 6461 6458 6456 6450 6443 6441 6439 6436 6430 6419 6415 6406 6402 6397 6383 6370 6374 6392 6383 6392 6381 6377 6372 6387 6377 6374 6365 6368 6372 6363 6358 6367 6368 6368 6363 6374 6370 6364 6360
-1.7e+308 -1.7e+308 -1.7e+308 -1.7e+308 -1.7e+308 6345 6351 6357 6358 6371 6378 6393 6407 6424 6431 6428 6426 6422 6428 6428 6428 6431 6433 6438 6445 6455 6455 6442 6445 6445 6441 6433 6421 6427 6413 6403 6398 6391 6383 6377 6378 6359 6359 6373 6359 6369 6357 6347 6352 6360 6353 6349 6346 6349 6347 6339 6338 6343 6342 6345 6345 6360 6352 6345 6342
-1.7e+308 -1.7e+308 -1.7e+308 -1.7e+308 -1.7e+308 -1.7e+308 6314 6321 6335 6335 6352 6364 6377 6384 6388 6393 6402 6403 6403 6399 6404 6407 6410 6415 6428 6435 6438 6442 6429 6424 6419 6409 6403 6401 6397 6385 6374 6370 6371 6359 6353 6358 6339 6344 6340 6338 6331 6318 6320 6321 6308 6321 6312 6304 6303 6314 6312 6308 6305 6303 6303 6318 6316 6313 6314
-1.7e+308 -1.7e+308 -1.7e+308 -1.7e+308 -1.7e+308 6293 6304 6323 6322 6329 6342 6357 6365 6376 6372 6386 6382 6392 6394 6390 6392 6400 6401 6412 6416 6427 6425 6430 6424 6413 6404 6398 6388 6392 6385 6364 6362 6361 6356 6351 6344 6344 6323 6316 6318 6315 6311 6299 6291 6296 6284 6298 6288 6284 6282 6294 6287 6286 6282 6287 6286 6296 6293 6290 6292
-1.7e+308 -1.7e+308 -1.7e+308 -1.7e+308 -1.7e+308 6289 6289 6306 6319 6322 6324 -1.7e+308 6343 6353 6353 6357 6358 6360 6358 6361 6367 6369 6376 6382 6389 6396 6400 6403 6393 6387 6375 6367 6355 6354 6346 6342 6331 6323 6324 6330 6331 6314 6308 6300 6294 6292 6286 6272 6258 6252 6245 6250 6240 6252 6247 6249 6241 6248 6246 6263 6261 6262 6268 6258 6262
-1.7e+308 -1.7e+308 -1.7e+308 -1.7e+308 6256 6274 6280 6298 6307 6309 6317 -1.7e+308 -1.7e+308 6338 -1.7e+308 6343 6349 6353 6348 6354 6352 6359 6363 6372 6379 6390 6394 6384 6387 6367 6363 6353 6343 6340 6332 6328 6320 6315 6303 6319 6304 6308 6290 6286 6275 6279 6262 6250 6245 6232 6220 6220 6223 6221 6219 6220 6225 6232 6231 6247 6234 6245 6250 6241 6243
-1.7e+308 -1.7e+308 -1.7e+308 -1.7e+308 -1.7e+308 6241 6246 6259 6273 6289 6295 -1.7e+308 -1.7e+308 6307 -1.7e+308 -1.7e+308 6324 6323 6330 6325 6334 6328 6337 6345 6352 6364 6375 -1.7e+308 6360 6349 6338 6333 -1.7e+308 6310 6303 6301 6282 6282 6269 6271 6268 6272 6262 6258 6253 6252 6247 6234 6220 6217 6204 6193 6179 6180 6179 6179 6185 6203 6197 6204 6208 6204 6209 6209 6206
-1.7e+308 -1.7e+308 -1.7e+308 -1.7e+308 -1.7e+308 -1.7e+308 -1.7e+308 6249 6256 6269 6279 -1.7e+308 -1.7e+308 -1.7e+308 -1.7e+308 -1.7e+308 6309 6308 6311 6307 6308 6313 6321 6326 6333 6355 -1.7e+308 -1.7e+308 -1.7e+308 -1.7e+308 -1.7e+308 -1.7e+308 -1.7e+308 -1.7e+308 -1.7e+308 6287 6285 6274 6255 6255 6246 6253 6239 6246 6235 6224 6227 6218 6205 6201 6184 6173 6154 6161 6158 6165 6167 6183 6176 6184 6180 6191 6186 6184 6188
-1.7e+308 -1.7e+308 -1.7e+308 -1.7e+308 -1.7e+308 6196 6195 6206 6218 -1.7e+308 -1.7e+308 -1.7e+308 -1.7e+308 6258 6273 6271 -1.7e+308 -1.7e+308 -1.7e+308 -1.7e+308 -1.7e+308 6289 6291 -1.7e+308 6318 -1.7e+308 -1.7e+308 6325 6315 6305 -1.7e+308 6290 6280 6283 -1.7e+308 -1.7e+308 6248 6255 6244 6240 6233 6224 6219 6207 6205 6194 6186 6187 6175 6176 6168 6154 6143 6144 6149 6142 6131 6133 6137 6145 6144 6157 6152 6154 6156
-1.7e+308 -1.7e+308 -1.7e+308 -1.7e+308 -1.7e+308 6185 6190 6198 6210 -1.7e+308 6225 -1.7e+308 -1.7e+308 -1.7e+308 6256 -1.7e+308 -1.7e+308 -1.7e+308 -1.7e+308 -1.7e+308 -1.7e+308 -1.7e+308 -1.7e+308 -1.7e+308 -1.7e+308 -1.7e+308 -1.7e+308 -1.7e+308 -1.7e+308 -1.7e+308 -1.7e+308 -1.7e+308 -1.7e+308 6262 6255 6240 6238 6239 6227 6225 6218 6212 6204 6200 6189 6176 6167 6167 6161 6165 6155 6146 6133 6138 6131 6126 6132 6123 6115 6121 6119 6139 6140 6143 6142
-1.7e+308 -1.7e+308 -1.7e+308 6183 -1.7e+308 -1.7e+308 6182 -1.7e+308 -1.7e+308 -1.7e+308 -1.7e+308 -1.7e+308 -1.7e+308 -1.7e+308 -1.7e+308 -1.7e+308 -1.7e+308 -1.7e+308 -1.7e+308 -1.7e+308 -1.7e+308 -1.7e+308 -1.7e+308 -1.7e+308 -1.7e+308 -1.7e+308 -1.7e+308 -1.7e+308 -1.7e+308 -1.7e+308 -1.7e+308 -1.7e+308 -1.7e+308 -1.7e+308 -1.7e+308 -1.7e+308 6222 6208 6197 6197 6188 6190 6179 6184 6175 6165 6155 6145 6137 6131 6119 6123 6115 6110 6111 6103 6106 6101 6100 6106 6112 6115 6112 6105 6101
-1.7e+308 -1.7e+308 -1.7e+308 -1.7e+308 -1.7e+308 -1.7e+308 -1.7e+308 -1.7e+308 -1.7e+308 -1.7e+308 -1.7e+308 -1.7e+308 -1.7e+308 -1.7e+308 -1.7e+308 -1.7e+308 -1.7e+308 -1.7e+308 -1.7e+308 -1.7e+308 -1.7e+308 -1.7e+308 -1.7e+308 -1.7e+308 -1.7e+308 -1.7e+308 -1.7e+308 -1.7e+308 -1.7e+308 -1.7e+308 -1.7e+308 -1.7e+308 -1.7e+308 -1.7e+308 -1.7e+308 -1.7e+308 -1.7e+308 -1.7e+308 -1.7e+308 6179 6164 6172 6167 -1.7e+308 -1.7e+308 6153 6149 6142 6139 6123 6108 6116 6113 6096 6092 6091 6085 6092 6091 6094 6089 6085 6083 6088 6085
-1.7e+308 -1.7e+308 -1.7e+308 -1.7e+308 -1.7e+308 -1.7e+308 -1.7e+308 -1.7e+308 -1.7e+308 -1.7e+308 -1.7e+308 -1.7e+308 -1.7e+308 -1.7e+308 -1.7e+308 -1.7e+308 -1.7e+308 -1.7e+308 -1.7e+308 -1.7e+308 -1.7e+308 -1.7e+308 -1.7e+308 -1.7e+308 -1.7e+308 -1.7e+308 -1.7e+308 -1.7e+308 -1.7e+308 -1.7e+308 -1.7e+308 -1.7e+308 -1.7e+308 -1.7e+308 -1.7e+308 -1.7e+308 -1.7e+308 -1.7e+308 -1.7e+308 -1.7e+308 -1.7e+308 6146 6141 6150 6139 -1.7e+308 -1.7e+308 6123 6118 6110 6102 6095 6079 6076 6063 6070 6069 6068 6053 6055 6057 6077 6069 6072 6075
-1.7e+308 -1.7e+308 -1.7e+308 -1.7e+308 -1.7e+308 -1.7e+308 -1.7e+308 -1.7e+308 -1.7e+308 -1.7e+308 -1.7e+308 -1.7e+308 -1.7e+308 -1.7e+308 -1.7e+308 -1.7e+308 -1.7e+308 -1.7e+308 -1.7e+308 -1.7e+308 -1.7e+308 -1.7e+308 -1.7e+308 -1.7e+308 -1.7e+308 -1.7e+308 -1.7e+308 -1.7e+308 -1.7e+308 -1.7e+308 -1.7e+308 -1.7e+308 -1.7e+308 -1.7e+308 -1.7e+308 -1.7e+308 -1.7e+308 -1.7e+308 -1.7e+308 -1.7e+308 -1.7e+308 -1.7e+308 -1.7e+308 6129 6122 -1.7e+308 6106 6114 6102 6098 6087 6081 6074 6064 6054 6056 6053 6045 6039 6046 6045 6047 6046 6050 6051
-1.7e+308 -1.7e+308 -1.7e+308 -1.7e+308 -1.7e+308 -1.7e+308 -1.7e+308 -1.7e+308 -1.7e+308 -1.7e+308 -1.7e+308 -1.7e+308 -1.7e+308 -1.7e+308 -1.7e+308 -1.7e+308 -1.7e+308 -1.7e+308 -1.7e+308 -1.7e+308 -1.7e+308 -1.7e+308 -1.7e+308 -1.7e+308 -1.7e+308 -1.7e+308 -1.7e+308 -1.7e+308 -1.7e+308 -1.7e+308 -1.7e+308 -1.7e+308 -1.7e+308 -1.7e+308 -1.7e+308 -1.7e+308 -1.7e+308 -1.7e+308 -1.7e+308 -1.7e+308 -1.7e+308 -1.7e+308 -1.7e+308 -1.7e+308 -1.7e+308 6103 -1.7e+308 6100 6086 6079 6067 6064 6054 6045 6047 6035 6020 6020 6015 6019 6021 6030 6033 6019 6020
-1.7e+308 -1.7e+308 -1.7e+308 -1.7e+308 -1.7e+308 -1.7e+308 -1.7e+308 -1.7e+308 -1.7e+308 -1.7e+308 -1.7e+308 -1.7e+308 -1.7e+308 -1.7e+308 -1.7e+308 -1.7e+308 -1.7e+308 -1.7e+308 -1.7e+308 -1.7e+308 -1.7e+308 -1.7e+308 -1.7e+308 -1.7e+308 -1.7e+308 -1.7e+308 -1.7e+308 -1.7e+308 -1.7e+308 -1.7e+308 -1.7e+308 -1.7e+308 -1.7e+308 -1.7e+308 -1.7e+308 -1.7e+308 -1.7e+308 -1.7e+308 -1.7e+308 -1.7e+308 -1.7e+308 -1.7e+308 -1.7e+308 -1.7e+308 -1.7e+308 -1.7e+308 -1.7e+308 6089 -1.7e+308 -1.7e+308 6057 6049 6037 6029 6021 6011 5999 6010 6000 5998 5996 6001 5999 5994 6000
-1.7e+308 -1.7e+308 -1.7e+308 -1.7e+308 -1.7e+308 -1.7e+308 -1.7e+308 -1.7e+308 -1.7e+308 -1.7e+308 -1.7e+308 -1.7e+308 -1.7e+308 -1.7e+308 -1.7e+308 -1.7e+308 -1.7e+308 -1.7e+308 -1.7e+308 -1.7e+308 -1.7e+308 -1.7e+308 -1.7e+308 -1.7e+308 -1.7e+308 -1.7e+308 -1.7e+308 -1.7e+308 -1.7e+308 -1.7e+308 -1.7e+308 -1.7e+308 -1.7e+308 -1.7e+308 -1.7e+308 -1.7e+308 -1.7e+308 -1.7e+308 -1.7e+308 -1.7e+308 -1.7e+308 -1.7e+308 -1.7e+308 -1.7e+308 -1.7e+308 -1.7e+308 -1.7e+308 -1.7e+308 6054 6057 -1.7e+308 6023 -1.7e+308 6014 5995 5997 5984 5972 5971 5974 5972 5973 5976 5978 5977
-1.7e+308 -1.7e+308 -1.7e+308 -1.7e+308 -1.7e+308 -1.7e+308 -1.7e+308 -1.7e+308 -1.7e+308 -1.7e+308 -1.7e+308 -1.7e+308 -1.7e+308 -1.7e+308 -1.7e+308 -1.7e+308 -1.7e+308 -1.7e+308 -1.7e+308 -1.7e+308 -1.7e+308 -1.7e+308 -1.7e+308 -1.7e+308 -1.7e+308 -1.7e+308 -1.7e+308 -1.7e+308 -1.7e+308 -1.7e+308 -1.7e+308 -1.7e+308 -1.7e+308 -1.7e+308 -1.7e+308 -1.7e+308 -1.7e+308 -1.7e+308 -1.7e+308 -1.7e+308 -1.7e+308 -1.7e+308 -1.7e+308 -1.7e+308 -1.7e+308 -1.7e+308 -1.7e+308 -1.7e+308 -1.7e+308 -1.7e+308 6029 6005 -1.7e+308 5992 5981 5977 5971 5968 5963 5969 5958 5959 5955 5955 5957
-1.7e+308 -1.7e+308 -1.7e+308 -1.7e+308 -1.7e+308 -1.7e+308 -1.7e+308 -1.7e+308 -1.7e+308 -1.7e+308 -1.7e+308 -1.7e+308 -1.7e+308 -1.7e+308 -1.7e+308 -1.7e+308 -1.7e+308 -1.7e+308 -1.7e+308 -1.7e+308 -1.7e+308 -1.7e+308 -1.7e+308 -1.7e+308 -1.7e+308 -1.7e+308 -1.7e+308 -1.7e+308 -1.7e+308 -1.7e+308 -1.7e+308 -1.7e+308 -1.7e+308 -1.7e+308 -1.7e+308 -1.7e+308 -1.7e+308 -1.7e+308 -1.7e+308 -1.7e+308 -1.7e+308 -1.7e+308 -1.7e+308 -1.7e+308 -1.7e+308 -1.7e+308 -1.7e+308 -1.7e+308 -1.7e+308 -1.7e+308 -1.7e+308 5987 5971 5972 5962 5961 5954 5955 5948 5937 5934 5936 5927 5933 5926
-1.7e+308 -1.7e+308 -1.7e+308 -1.7e+308 -1.7e+308 -1.7e+308 -1.7e+308 -1.7e+308 -1.7e+308 -1.7e+308 -1.7e+308 -1.7e+308 -1.7e+308 -1.7e+308 -1.7e+308 -1.7e+308 -1.7e+308 -1.7e+308 -1.7e+308 -1.7e+308 -1.7e+308 -1.7e+308 -1.7e+308 -1.7e+308 -1.7e+308 -1.7e+308 -1.7e+308 -1.7e+308 -1.7e+308 -1.7e+308 -1.7e+308 -1.7e+308 -1.7e+308 -1.7e+308 -1.7e+308 -1.7e+308 -1.7e+308 -1.7e+308 -1.7e+308 -1.7e+308 -1.7e+308 -1.7e+308 -1.7e+308 -1.7e+308 -1.7e+308 -1.7e+308 -1.7e+308 -1.7e+308 -1.7e+308 -1.7e+308 -1.7e+308 -1.7e+308 -1.7e+308 5959 5946 5945 5938 5938 5934 5927 5920 5925 5915 5918 5911
-1.7e+308 -1.7e+308 -1.7e+308 -1.7e+308 -1.7e+308 -1.7e+308 -1.7e+308 -1.7e+308 -1.7e+308 -1.7e+308 -1.7e+308 -1.7e+308 -1.7e+308 -1.7e+308 -1.7e+308 -1.7e+308 -1.7e+308 -1.7e+308 -1.7e+308 -1.7e+308 -1.7e+308 -1.7e+308 -1.7e+308 -1.7e+308 -1.7e+308 -1.7e+308 -1.7e+308 -1.7e+308 -1.7e+308 -1.7e+308 -1.7e+308 -1.7e+308 -1.7e+308 -1.7e+308 -1.7e+308 -1.7e+308 -1.7e+308 -1.7e+308 -1.7e+308 -1.7e+308 -1.7e+308 -1.7e+308 -1.7e+308 -1.7e+308 -1.7e+308 -1.7e+308 -1.7e+308 -1.7e+308 -1.7e+308 -1.7e+308 -1.7e+308 -1.7e+308 -1.7e+308 -1.7e+308 5907 5919 5911 5903 5898 5888 5880 5885 5888 5888 5885
-1.7e+308 -1.7e+308 -1.7e+308 -1.7e+308 -1.7e+308 -1.7e+308 -1.7e+308 -1.7e+308 -1.7e+308 -1.7e+308 -1.7e+308 -1.7e+308 -1.7e+308 -1.7e+308 -1.7e+308 -1.7e+308 -1.7e+308 -1.7e+308 -1.7e+308 -1.7e+308 -1.7e+308 -1.7e+308 -1.7e+308 -1.7e+308 -1.7e+308 -1.7e+308 -1.7e+308 -1.7e+308 -1.7e+308 -1.7e+308 -1.7e+308 -1.7e+308 -1.7e+308 -1.7e+308 -1.7e+308 -1.7e+308 -1.7e+308 -1.7e+308 -1.7e+308 -1.7e+308 -1.7e+308 -1.7e+308 -1.7e+308 -1.7e+308 -1.7e+308 -1.7e+308 -1.7e+308 -1.7e+308 -1.7e+308 -1.7e+308 -1.7e+308 -1.7e+308 -1.7e+308 -1.7e+308 -1.7e+308 5898 5899 5885 5880 5876 5877 5875 5866 5881 5875
