MaxEnt_Example/FutureLayers/bio6.asc
NCOLS 182 
NROWS 155 
XLLCORNER -87.625 
YLLCORNER 24.5416666666667 
CELLSIZE 0.0416666666666666 
NODATA_value -1.7e+308 
[rows 0 to 28 of 155, columns 0 to 65 of 182]
-169999999999999993883079578865998174333346074304075874502773119193537729178160565864330091787584707988572262467983188919169916105593357174268369962062473635296474636515660464935663040684957844303524367815028553272712298986386310828644513212353921123253311675499856875650512437415429217994623324794855339589632.000000000000000 65 65 65 65 65 65 63 64 64 63 62 61 61 61 61 61 60 60 60 60 61 60 60 60 60 60 60 59 60 60 60 60 61 62 62 63 64 64 65 65 65 66 66 66 66 66 66 66 66 66 66 67 67 67 67 67 67 67 67 67 68 68 -1.7e+308 -1.7e+308 -1.7e+308
-1.7e+308 67 67 67 67 66 66 65 66 65 64 63 63 63 62 63 63 62 62 62 62 62 62 62 62 62 62 61 62 62 62 62 62 62 63 63 64 65 65 66 66 66 67 67 67 67 67 66 66 66 66 66 66 66 67 67 67 67 67 67 68 68 69 -1.7e+308 -1.7e+308 -1.7e+308
69 68 68 67 67 67 67 68 68 66 65 65 66 65 65 65 65 65 64 64 64 64 64 64 64 64 63 63 63 63 64 63 64 64 65 65 65 65 66 67 67 68 67 67 67 67 67 67 66 67 66 66 67 67 67 67 67 68 68 68 68 69 69 69 -1.7e+308 -1.7e+308
70 70 69 69 69 69 69 70 69 68 67 67 67 67 67 67 67 67 66 66 66 66 65 65 66 65 65 66 66 66 66 66 65 66 66 66 66 66 67 67 67 68 68 68 68 67 67 67 67 67 67 66 66 66 67 67 68 68 68 68 68 69 69 69 69 -1.7e+308
-1.7e+308 71 71 71 70 71 71 72 71 70 69 68 69 70 70 69 69 69 68 68 68 68 67 67 68 66 67 67 67 67 67 67 67 67 67 67 68 68 68 68 69 69 69 69 68 68 67 67 68 68 67 66 66 66 67 67 67 68 68 69 69 69 69 69 70 -1.7e+308
-1.7e+308 -1.7e+308 73 72 73 72 73 74 73 72 71 71 71 71 72 71 70 71 70 70 70 69 69 69 69 68 69 69 69 69 69 68 69 69 69 69 69 70 70 69 70 70 70 69 69 68 68 68 68 67 66 66 66 66 67 67 67 68 68 68 69 69 69 70 70 -1.7e+308
-1.7e+308 -1.7e+308 -1.7e+308 75 75 74 74 76 76 74 73 73 73 73 73 74 73 73 72 72 72 71 71 72 71 70 70 70 69 69 69 69 69 69 69 69 69 70 70 70 70 71 71 70 69 69 69 69 68 67 66 66 67 67 67 67 68 68 68 68 69 69 69 69 70 71
-1.7e+308 -1.7e+308 -1.7e+308 -1.7e+308 -1.7e+308 77 76 77 78 77 76 76 76 75 75 76 76 75 73 73 73 74 74 74 74 72 72 72 72 71 71 70 71 71 71 71 71 71 70 70 71 72 71 71 70 70 70 70 68 68 67 67 67 67 67 68 68 69 69 69 69 69 70 70 70 71
-1.7e+308 -1.7e+308 -1.7e+308 -1.7e+308 -1.7e+308 -1.7e+308 79 79 80 80 78 78 78 78 78 77 76 75 75 75 75 74 74 74 73 73 73 73 73 72 73 72 72 72 73 72 72 72 72 72 72 72 71 71 70 70 70 70 69 69 68 67 67 66 67 67 67 68 69 70 69 70 70 70 71 71
-1.7e+308 -1.7e+308 -1.7e+308 -1.7e+308 -1.7e+308 81 81 81 82 82 81 80 80 80 80 79 78 78 77 76 76 75 75 75 75 75 75 75 74 74 75 74 74 74 74 74 73 73 73 73 73 73 72 72 71 70 69 69 69 68 68 67 67 67 67 67 68 68 70 69 69 70 71 71 72 71
-1.7e+308 -1.7e+308 -1.7e+308 -1.7e+308 -1.7e+308 82 82 82 82 83 83 -1.7e+308 81 81 81 80 80 79 78 77 77 76 76 76 76 77 78 77 76 77 76 76 75 75 75 75 75 74 74 74 73 74 73 71 70 70 70 69 69 68 67 67 67 68 68 68 69 69 70 70 70 71 71 72 71 70
-1.7e+308 -1.7e+308 -1.7e+308 -1.7e+308 85 84 84 84 84 84 84 -1.7e+308 -1.7e+308 83 -1.7e+308 82 80 80 79 79 78 78 78 78 78 79 79 80 79 79 78 78 77 77 77 77 76 76 75 74 75 74 74 73 72 71 71 70 70 70 68 69 68 68 68 69 69 70 71 71 71 72 72 72 71 71
-1.7e+308 -1.7e+308 -1.7e+308 -1.7e+308 -1.7e+308 87 87 87 86 86 86 -1.7e+308 -1.7e+308 85 -1.7e+308 -1.7e+308 82 81 81 80 80 80 80 80 81 81 81 -1.7e+308 80 80 79 79 -1.7e+308 78 79 78 78 77 77 76 76 76 74 74 73 72 72 71 71 70 69 68 68 68 68 68 69 71 71 72 72 72 73 73 72 72
-1.7e+308 -1.7e+308 -1.7e+308 -1.7e+308 -1.7e+308 -1.7e+308 -1.7e+308 88 88 88 88 -1.7e+308 -1.7e+308 -1.7e+308 -1.7e+308 -1.7e+308 84 84 83 83 82 82 81 82 82 82 -1.7e+308 -1.7e+308 -1.7e+308 -1.7e+308 -1.7e+308 -1.7e+308 -1.7e+308 -1.7e+308 -1.7e+308 79 79 78 78 77 77 76 76 75 74 73 73 72 72 71 70 69 69 69 69 70 70 71 72 73 73 73 74 73 73 73
-1.7e+308 -1.7e+308 -1.7e+308 -1.7e+308 -1.7e+308 89 90 90 90 -1.7e+308 -1.7e+308 -1.7e+308 -1.7e+308 88 87 86 -1.7e+308 -1.7e+308 -1.7e+308 -1.7e+308 -1.7e+308 83 82 -1.7e+308 83 -1.7e+308 -1.7e+308 83 84 83 -1.7e+308 82 82 81 -1.7e+308 -1.7e+308 80 79 79 79 78 77 76 76 75 75 74 73 73 73 72 71 71 70 70 71 71 72 72 73 73 73 74 74 74 74
-1.7e+308 -1.7e+308 -1.7e+308 -1.7e+308 -1.7e+308 90 91 91 91 -1.7e+308 91 -1.7e+308 -1.7e+308 -1.7e+308 89 -1.7e+308 -1.7e+308 -1.7e+308 -1.7e+308 -1.7e+308 -1.7e+308 -1.7e+308 -1.7e+308 -1.7e+308 -1.7e+308 -1.7e+308 -1.7e+308 -1.7e+308 -1.7e+308 -1.7e+308 -1.7e+308 -1.7e+308 -1.7e+308 82 82 82 81 81 80 79 79 78 78 77 77 76 76 75 75 74 73 73 73 72 73 73 73 73 74 74 74 74 74 75 75 75
-1.7e+308 -1.7e+308 -1.7e+308 91 -1.7e+308 -1.7e+308 91 -1.7e+308 -1.7e+308 -1.7e+308 -1.7e+308 -1.7e+308 -1.7e+308 -1.7e+308 -1.7e+308 -1.7e+308 -1.7e+308 -1.7e+308 -1.7e+308 -1.7e+308 -1.7e+308 -1.7e+308 -1.7e+308 -1.7e+308 -1.7e+308 -1.7e+308 -1.7e+308 -1.7e+308 -1.7e+308 -1.7e+308 -1.7e+308 -1.7e+308 -1.7e+308 -1.7e+308 -1.7e+308 -1.7e+308 81 82 81 81 80 80 79 79 78 77 77 76 76 76 76 75 75 74 74 74 74 74 74 75 75 75 75 75 75 75
-1.7e+308 -1.7e+308 -1.7e+308 -1.7e+308 -1.7e+308 -1.7e+308 -1.7e+308 -1.7e+308 -1.7e+308 -1.7e+308 -1.7e+308 -1.7e+308 -1.7e+308 -1.7e+308 -1.7e+308 -1.7e+308 -1.7e+308 -1.7e+308 -1.7e+308 -1.7e+308 -1.7e+308 -1.7e+308 -1.7e+308 -1.7e+308 -1.7e+308 -1.7e+308 -1.7e+308 -1.7e+308 -1.7e+308 -1.7e+308 -1.7e+308 -1.7e+308 -1.7e+308 -1.7e+308 -1.7e+308 -1.7e+308 -1.7e+308 -1.7e+308 -1.7e+308 82 82 81 81 -1.7e+308 -1.7e+308 79 78 78 78 78 77 77 77 76 76 76 76 76 76 76 76 77 76 76 76 76
-1.7e+308 -1.7e+308 -1.7e+308 -1.7e+308 -1.7e+308 -1.7e+308 -1.7e+308 -1.7e+308 -1.7e+308 -1.7e+308 -1.7e+308 -1.7e+308 -1.7e+308 -1.7e+308 -1.7e+308 -1.7e+308 -1.7e+308 -1.7e+308 -1.7e+308 -1.7e+308 -1.7e+308 -1.7e+308 -1.7e+308 -1.7e+308 -1.7e+308 -1.7e+308 -1.7e+308 -1.7e+308 -1.7e+308 -1.7e+308 -1.7e+308 -1.7e+308 -1.7e+308 -1.7e+308 -1.7e+308 -1.7e+308 -1.7e+308 -1.7e+308 -1.7e+308 -1.7e+308 -1.7e+308 81 81 81 80 -1.7e+308 -1.7e+308 80 80 80 79 79 79 78 78 78 77 77 77 77 77 77 77 77 77 77
-1.7e+308 -1.7e+308 -1.7e+308 -1.7e+308 -1.7e+308 -1.7e+308 -1.7e+308 -1.7e+308 -1.7e+308 -1.7e+308 -1.7e+308 -1.7e+308 -1.7e+308 -1.7e+308 -1.7e+308 -1.7e+308 -1.7e+308 -1.7e+308 -1.7e+308 -1.7e+308 -1.7e+308 -1.7e+308 -1.7e+308 -1.7e+308 -1.7e+308 -1.7e+308 -1.7e+308 -1.7e+308 -1.7e+308 -1.7e+308 -1.7e+308 -1.7e+308 -1.7e+308 -1.7e+308 -1.7e+308 -1.7e+308 -1.7e+308 -1.7e+308 -1.7e+308 -1.7e+308 -1.7e+308 -1.7e+308 -1.7e+308 82 82 -1.7e+308 82 82 82 82 82 81 81 80 80 79 79 79 79 79 78 78 78 78 78 78
-1.7e+308 -1.7e+308 -1.7e+308 -1.7e+308 -1.7e+308 -1.7e+308 -1.7e+308 -1.7e+308 -1.7e+308 -1.7e+308 -1.7e+308 -1.7e+308 -1.7e+308 -1.7e+308 -1.7e+308 -1.7e+308 -1.7e+308 -1.7e+308 -1.7e+308 -1.7e+308 -1.7e+308 -1.7e+308 -1.7e+308 -1.7e+308 -1.7e+308 -1.7e+308 -1.7e+308 -1.7e+308 -1.7e+308 -1.7e+308 -1.7e+308 -1.7e+308 -1.7e+308 -1.7e+308 -1.7e+308 -1.7e+308 -1.7e+308 -1.7e+308 -1.7e+308 -1.7e+308 -1.7e+308 -1.7e+308 -1.7e+308 -1.7e+308 -1.7e+308 84 -1.7e+308 83 84 84 84 83 82 81 80 81 80 80 80 80 80 80 79 79 79 80
-1.7e+308 -1.7e+308 -1.7e+308 -1.7e+308 -1.7e+308 -1.7e+308 -1.7e+308 -1.7e+308 -1.7e+308 -1.7e+308 -1.7e+308 -1.7e+308 -1.7e+308 -1.7e+308 -1.7e+308 -1.7e+308 -1.7e+308 -1.7e+308 -1.7e+308 -1.7e+308 -1.7e+308 -1.7e+308 -1.7e+308 -1.7e+308 -1.7e+308 -1.7e+308 -1.7e+308 -1.7e+308 -1.7e+308 -1.7e+308 -1.7e+308 -1.7e+308 -1.7e+308 -1.7e+308 -1.7e+308 -1.7e+308 -1.7e+308 -1.7e+308 -1.7e+308 -1.7e+308 -1.7e+308 -1.7e+308 -1.7e+308 -1.7e+308 -1.7e+308 -1.7e+308 -1.7e+308 86 -1.7e+308 -1.7e+308 85 85 84 84 83 83 82 82 81 81 81 81 81 81 81 81
-1.7e+308 -1.7e+308 -1.7e+308 -1.7e+308 -1.7e+308 -1.7e+308 -1.7e+308 -1.7e+308 -1.7e+308 -1.7e+308 -1.7e+308 -1.7e+308 -1.7e+308 -1.7e+308 -1.7e+308 -1.7e+308 -1.7e+308 -1.7e+308 -1.7e+308 -1.7e+308 -1.7e+308 -1.7e+308 -1.7e+308 -1.7e+308 -1.7e+308 -1.7e+308 -1.7e+308 -1.7e+308 -1.7e+308 -1.7e+308 -1.7e+308 -1.7e+308 -1.7e+308 -1.7e+308 -1.7e+308 -1.7e+308 -1.7e+308 -1.7e+308 -1.7e+308 -1.7e+308 -1.7e+308 -1.7e+308 -1.7e+308 -1.7e+308 -1.7e+308 -1.7e+308 -1.7e+308 -1.7e+308 89 90 -1.7e+308 87 -1.7e+308 85 84 84 83 82 82 82 82 82 81 81 81 81
-1.7e+308 -1.7e+308 -1.7e+308 -1.7e+308 -1.7e+308 -1.7e+308 -1.7e+308 -1.7e+308 -1.7e+308 -1.7e+308 -1.7e+308 -1.7e+308 -1.7e+308 -1.7e+308 -1.7e+308 -1.7e+308 -1.7e+308 -1.7e+308 -1.7e+308 -1.7e+308 -1.7e+308 -1.7e+308 -1.7e+308 -1.7e+308 -1.7e+308 -1.7e+308 -1.7e+308 -1.7e+308 -1.7e+308 -1.7e+308 -1.7e+308 -1.7e+308 -1.7e+308 -1.7e+308 -1.7e+308 -1.7e+308 -1.7e+308 -1.7e+308 -1.7e+308 -1.7e+308 -1.7e+308 -1.7e+308 -1.7e+308 -1.7e+308 -1.7e+308 -1.7e+308 -1.7e+308 -1.7e+308 -1.7e+308 -1.7e+308 89 89 -1.7e+308 87 86 85 85 84 84 83 83 83 83 83 83 82
-1.7e+308 -1.7e+308 -1.7e+308 -1.7e+308 -1.7e+308 -1.7e+308 -1.7e+308 -1.7e+308 -1.7e+308 -1.7e+308 -1.7e+308 -1.7e+308 -1.7e+308 -1.7e+308 -1.7e+308 -1.7e+308 -1.7e+308 -1.7e+308 -1.7e+308 -1.7e+308 -1.7e+308 -1.7e+308 -1.7e+308 -1.7e+308 -1.7e+308 -1.7e+308 -1.7e+308 -1.7e+308 -1.7e+308 -1.7e+308 -1.7e+308 -1.7e+308 -1.7e+308 -1.7e+308 -1.7e+308 -1.7e+308 -1.7e+308 -1.7e+308 -1.7e+308 -1.7e+308 -1.7e+308 -1.7e+308 -1.7e+308 -1.7e+308 -1.7e+308 -1.7e+308 -1.7e+308 -1.7e+308 -1.7e+308 -1.7e+308 -1.7e+308 90 89 88 88 87 86 86 85 85 84 85 84 83 83 83
-1.7e+308 -1.7e+308 -1.7e+308 -1.7e+308 -1.7e+308 -1.7e+308 -1.7e+308 -1.7e+308 -1.7e+308 -1.7e+308 -1.7e+308 -1.7e+308 -1.7e+308 -1.7e+308 -1.7e+308 -1.7e+308 -1.7e+308 -1.7e+308 -1.7e+308 -1.7e+308 -1.7e+308 -1.7e+308 -1.7e+308 -1.7e+308 -1.7e+308 -1.7e+308 -1.7e+308 -1.7e+308 -1.7e+308 -1.7e+308 -1.7e+308 -1.7e+308 -1.7e+308 -1.7e+308 -1.7e+308 -1.7e+308 -1.7e+308 -1.7e+308 -1.7e+308 -1.7e+308 -1.7e+308 -1.7e+308 -1.7e+308 -1.7e+308 -1.7e+308 -1.7e+308 -1.7e+308 -1.7e+308 -1.7e+308 -1.7e+308 -1.7e+308 -1.7e+308 -1.7e+308 90 89 89 88 87 86 86 86 86 85 85 85 85
-1.7e+308 -1.7e+308 -1.7e+308 -1.7e+308 -1.7e+308 -1.7e+308 -1.7e+308 -1.7e+308 -1.7e+308 -1.7e+308 -1.7e+308 -1.7e+308 -1.7e+308 -1.7e+308 -1.7e+308 -1.7e+308 -1.7e+308 -1.7e+308 -1.7e+308 -1.7e+308 -1.7e+308 -1.7e+308 -1.7e+308 -1.7e+308 -1.7e+308 -1.7e+308 -1.7e+308 -1.7e+308 -1.7e+308 -1.7e+308 -1.7e+308 -1.7e+308 -1.7e+308 -1.7e+308 -1.7e+308 -1.7e+308 -1.7e+308 -1.7e+308 -1.7e+308 -1.7e+308 -1.7e+308 -1.7e+308 -1.7e+308 -1.7e+308 -1.7e+308 -1.7e+308 -1.7e+308 -1.7e+308 -1.7e+308 -1.7e+308 -1.7e+308 -1.7e+308 -1.7e+308 -1.7e+308 90 90 89 89 88 88 88 87 87 87 86 86
-1.7e+308 -1.7e+308 -1.7e+308 -1.7e+308 -1.7e+308 -1.7e+308 -1.7e+308 -1.7e+308 -1.7e+308 -1.7e+308 -1.7e+308 -1.7e+308 -1.7e+308 -1.7e+308 -1.7e+308 -1.7e+308 -1.7e+308 -1.7e+308 -1.7e+308 -1.7e+308 -1.7e+308 -1.7e+308 -1.7e+308 -1.7e+308 -1.7e+308 -1.7e+308 -1.7e+308 -1.7e+308 -1.7e+308 -1.7e+308 -1.7e+308 -1.7e+308 -1.7e+308 -1.7e+308 -1.7e+308 -1.7e+308 -1.7e+308 -1.7e+308 -1.7e+308 -1.7e+308 -1.7e+308 -1.7e+308 -1.7e+308 -1.7e+308 -1.7e+308 -1.7e+308 -1.7e+308 -1.7e+308 -1.7e+308 -1.7e+308 -1.7e+308 -1.7e+308 -1.7e+308 -1.7e+308 -1.7e+308 91 91 90 90 90 89 88 88 88 88 87
-1.7e+308 -1.7e+308 -1.7e+308 -1.7e+308 -1.7e+308 -1.7e+308 -1.7e+308 -1.7e+308 -1.7e+308 -1.7e+308 -1.7e+308 -1.7e+308 -1.7e+308 -1.7e+308 -1.7e+308 -1.7e+308 -1.7e+308 -1.7e+308 -1.7e+308 -1.7e+308 -1.7e+308 -1.7e+308 -1.7e+308 -1.7e+308 -1.7e+308 -1.7e+308 -1.7e+308 -1.7e+308 -1.7e+308 -1.7e+308 -1.7e+308 -1.7e+308 -1.7e+308 -1.7e+308 -1.7e+308 -1.7e+308 -1.7e+308 -1.7e+308 -1.7e+308 -1.7e+308 -1.7e+308 -1.7e+308 -1.7e+308 -1.7e+308 -1.7e+308 -1.7e+308 -1.7e+308 -1.7e+308 -1.7e+308 -1.7e+308 -1.7e+308 -1.7e+308 -1.7e+308 -1.7e+308 -1.7e+308 -1.7e+308 92 91 91 91 90 90 90 89 89 88
