MaxEnt_Example/FutureLayers/bio7.asc
NCOLS 182 
NROWS 155 
XLLCORNER -87.625 
YLLCORNER 24.5416666666667 
CELLSIZE 0.0416666666666666 
NODATA_value -1.7e+308 
[rows 0 to 28 of 155, columns 66 to 131 of 182]
-1.7e+308 -1.7e+308 -1.7e+308 -1.7e+308 -1.7e+308 -1.7e+308 -1.7e+308 -1.7e+308 -1.7e+308 -1.7e+308 -1.7e+308 -1.7e+308 -1.7e+308 -1.7e+308 -1.7e+308 -1.7e+308 -1.7e+308 -1.7e+308 -1.7e+308 -1.7e+308 -1.7e+308 -1.7e+308 -1.7e+308 -1.7e+308 -1.7e+308 -1.7e+308 -1.7e+308 -1.7e+308 -1.7e+308 -1.7e+308 -1.7e+308 -1.7e+308 -1.7e+308 -1.7e+308 -1.7e+308 -1.7e+308 -1.7e+308 -1.7e+308 -1.7e+308 -1.7e+308 -1.7e+308 -1.7e+308 -1.7e+308 -1.7e+308 -1.7e+308 -1.7e+308 -1.7e+308 -1.7e+308 -1.7e+308 -1.7e+308 -1.7e+308 -1.7e+308 -1.7e+308 -1.7e+308 -1.7e+308 -1.7e+308 -1.7e+308 -1.7e+308 -1.7e+308 -1.7e+308 -1.7e+308 -1.7e+308 -1.7e+308 -1.7e+308 -1.7e+308 -1.7e+308
-1.7e+308 -1.7e+308 -1.7e+308 -1.7e+308 -1.7e+308 -1.7e+308 -1.7e+308 -1.7e+308 -1.7e+308 -1.7e+308 -1.7e+308 -1.7e+308 -1.7e+308 -1.7e+308 -1.7e+308 -1.7e+308 -1.7e+308 -1.7e+308 -1.7e+308 -1.7e+308 -1.7e+308 -1.7e+308 -1.7e+308 -1.7e+308 -1.7e+308 -1.7e+308 -1.7e+308 -1.7e+308 -1.7e+308 -1.7e+308 -1.7e+308 -1.7e+308 -1.7e+308 -1.7e+308 -1.7e+308 -1.7e+308 -1.7e+308 -1.7e+308 -1.7e+308 -1.7e+308 -1.7e+308 -1.7e+308 -1.7e+308 -1.7e+308 -1.7e+308 -1.7e+308 -1.7e+308 -1.7e+308 -1.7e+308 -1.7e+308 -1.7e+308 -1.7e+308 -1.7e+308 -1.7e+308 -1.7e+308 -1.7e+308 -1.7e+308 -1.7e+308 -1.7e+308 -1.7e+308 -1.7e+308 -1.7e+308 -1.7e+308 -1.7e+308 -1.7e+308 -1.7e+308
-1.7e+308 -1.7e+308 -1.7e+308 -1.7e+308 -1.7e+308 -1.7e+308 -1.7e+308 -1.7e+308 -1.7e+308 -1.7e+308 -1.7e+308 -1.7e+308 -1.7e+308 -1.7e+308 -1.7e+308 -1.7e+308 -1.7e+308 -1.7e+308 -1.7e+308 -1.7e+308 -1.7e+308 -1.7e+308 -1.7e+308 -1.7e+308 -1.7e+308 -1.7e+308 -1.7e+308 -1.7e+308 -1.7e+308 -1.7e+308 -1.7e+308 -1.7e+308 -1.7e+308 -1.7e+308 -1.7e+308 -1.7e+308 -1.7e+308 -1.7e+308 -1.7e+308 -1.7e+308 -1.7e+308 -1.7e+308 -1.7e+308 -1.7e+308 -1.7e+308 -1.7e+308 -1.7e+308 -1.7e+308 -1.7e+308 -1.7e+308 -1.7e+308 -1.7e+308 -1.7e+308 -1.7e+308 -1.7e+308 -1.7e+308 -1.7e+308 -1.7e+308 -1.7e+308 -1.7e+308 -1.7e+308 -1.7e+308 -1.7e+308 -1.7e+308 -1.7e+308 -1.7e+308
-1.7e+308 -1.7e+308 -1.7e+308 -1.7e+308 -1.7e+308 -1.7e+308 -1.7e+308 -1.7e+308 -1.7e+308 -1.7e+308 -1.7e+308 -1.7e+308 -1.7e+308 -1.7e+308 -1.7e+308 -1.7e+308 -1.7e+308 -1.7e+308 -1.7e+308 -1.7e+308 -1.7e+308 -1.7e+308 -1.7e+308 -1.7e+308 -1.7e+308 -1.7e+308 -1.7e+308 -1.7e+308 -1.7e+308 -1.7e+308 -1.7e+308 -1.7e+308 -1.7e+308 -1.7e+308 -1.7e+308 -1.7e+308 -1.7e+308 -1.7e+308 -1.7e+308 -1.7e+308 -1.7e+308 -1.7e+308 -1.7e+308 -1.7e+308 -1.7e+308 -1.7e+308 -1.7e+308 -1.7e+308 -1.7e+308 -1.7e+308 -1.7e+308 -1.7e+308 -1.7e+308 -1.7e+308 -1.7e+308 -1.7e+308 -1.7e+308 -1.7e+308 -1.7e+308 -1.7e+308 -1.7e+308 -1.7e+308 -1.7e+308 -1.7e+308 -1.7e+308 -1.7e+308
-1.7e+308 -1.7e+308 -1.7e+308 -1.7e+308 -1.7e+308 -1.7e+308 -1.7e+308 -1.7e+308 -1.7e+308 -1.7e+308 -1.7e+308 -1.7e+308 -1.7e+308 -1.7e+308 -1.7e+308 -1.7e+308 -1.7e+308 -1.7e+308 -1.7e+308 -1.7e+308 -1.7e+308 -1.7e+308 -1.7e+308 -1.7e+308 -1.7e+308 -1.7e+308 -1.7e+308 -1.7e+308 -1.7e+308 -1.7e+308 -1.7e+308 -1.7e+308 -1.7e+308 -1.7e+308 -1.7e+308 -1.7e+308 -1.7e+308 -1.7e+308 -1.7e+308 -1.7e+308 -1.7e+308 -1.7e+308 -1.7e+308 -1.7e+308 -1.7e+308 -1.7e+308 -1.7e+308 -1.7e+308 -1.7e+308 -1.7e+308 -1.7e+308 -1.7e+308 -1.7e+308 -1.7e+308 -1.7e+308 -1.7e+308 -1.7e+308 -1.7e+308 -1.7e+308 -1.7e+308 -1.7e+308 -1.7e+308 -1.7e+308 -1.7e+308 -1.7e+308 -1.7e+308
-1.7e+308 -1.7e+308 -1.7e+308 -1.7e+308 -1.7e+308 -1.7e+308 -1.7e+308 -1.7e+308 -1.7e+308 -1.7e+308 -1.7e+308 -1.7e+308 -1.7e+308 -1.7e+308 -1.7e+308 -1.7e+308 -1.7e+308 -1.7e+308 -1.7e+308 -1.7e+308 -1.7e+308 -1.7e+308 -1.7e+308 -1.7e+308 -1.7e+308 -1.7e+308 -1.7e+308 -1.7e+308 -1.7e+308 -1.7e+308 -1.7e+308 -1.7e+308 -1.7e+308 -1.7e+308 -1.7e+308 -1.7e+308 -1.7e+308 -1.7e+308 -1.7e+308 -1.7e+308 -1.7e+308 -1.7e+308 -1.7e+308 -1.7e+308 -1.7e+308 -1.7e+308 -1.7e+308 -1.7e+308 -1.7e+308 -1.7e+308 -1.7e+308 -1.7e+308 -1.7e+308 -1.7e+308 -1.7e+308 -1.7e+308 -1.7e+308 -1.7e+308 -1.7e+308 -1.7e+308 -1.7e+308 -1.7e+308 -1.7e+308 -1.7e+308 -1.7e+308 -1.7e+308
-1.7e+308 -1.7e+308 -1.7e+308 -1.7e+308 -1.7e+308 -1.7e+308 -1.7e+308 -1.7e+308 -1.7e+308 -1.7e+308 -1.7e+308 -1.7e+308 -1.7e+308 -1.7e+308 -1.7e+308 -1.7e+308 -1.7e+308 -1.7e+308 -1.7e+308 -1.7e+308 -1.7e+308 -1.7e+308 -1.7e+308 -1.7e+308 -1.7e+308 -1.7e+308 -1.7e+308 -1.7e+308 -1.7e+308 -1.7e+308 -1.7e+308 -1.7e+308 -1.7e+308 -1.7e+308 -1.7e+308 -1.7e+308 -1.7e+308 -1.7e+308 -1.7e+308 -1.7e+308 -1.7e+308 -1.7e+308 -1.7e+308 -1.7e+308 -1.7e+308 -1.7e+308 -1.7e+308 -1.7e+308 -1.7e+308 -1.7e+308 -1.7e+308 -1.7e+308 -1.7e+308 -1.7e+308 -1.7e+308 -1.7e+308 -1.7e+308 -1.7e+308 -1.7e+308 -1.7e+308 -1.7e+308 -1.7e+308 -1.7e+308 -1.7e+308 -1.7e+308 -1.7e+308
295 294 294 294 293 293 292 292 292 292 293 293 294 -1.7e+308 -1.7e+308 -1.7e+308 -1.7e+308 -1.7e+308 -1.7e+308 -1.7e+308 -1.7e+308 -1.7e+308 -1.7e+308 -1.7e+308 -1.7e+308 -1.7e+308 -1.7e+308 -1.7e+308 -1.7e+308 -1.7e+308 -1.7e+308 -1.7e+308 -1.7e+308 -1.7e+308 -1.7e+308 -1.7e+308 -1.7e+308 -1.7e+308 -1.7e+308 -1.7e+308 -1.7e+308 -1.7e+308 -1.7e+308 -1.7e+308 -1.7e+308 -1.7e+308 -1.7e+308 -1.7e+308 -1.7e+308 -1.7e+308 -1.7e+308 -1.7e+308 -1.7e+308 -1.7e+308 -1.7e+308 -1.7e+308 -1.7e+308 -1.7e+308 -1.7e+308 -1.7e+308 -1.7e+308 -1.7e+308 -1.7e+308 -1.7e+308 -1.7e+308 -1.7e+308
294 293 293 292 292 292 292 291 291 292 291 292 293 293 293 293 293 294 294 295 295 294 294 293 293 293 293 293 293 292 292 291 292 -1.7e+308 -1.7e+308 -1.7e+308 -1.7e+308 -1.7e+308 -1.7e+308 -1.7e+308 -1.7e+308 -1.7e+308 -1.7e+308 -1.7e+308 -1.7e+308 -1.7e+308 -1.7e+308 -1.7e+308 -1.7e+308 -1.7e+308 -1.7e+308 -1.7e+308 -1.7e+308 -1.7e+308 -1.7e+308 -1.7e+308 -1.7e+308 -1.7e+308 -1.7e+308 -1.7e+308 -1.7e+308 -1.7e+308 -1.7e+308 -1.7e+308 -1.7e+308 -1.7e+308
292 292 292 292 291 291 291 290 290 290 291 291 292 292 292 292 292 294 294 294 294 294 294 293 293 292 292 293 292 292 292 291 291 290 289 289 289 289 290 290 291 292 292 293 294 295 295 296 296 296 -1.7e+308 -1.7e+308 -1.7e+308 -1.7e+308 -1.7e+308 -1.7e+308 -1.7e+308 -1.7e+308 -1.7e+308 -1.7e+308 -1.7e+308 -1.7e+308 -1.7e+308 -1.7e+308 -1.7e+308 -1.7e+308
291 291 291 291 291 290 290 289 289 289 290 291 291 292 291 292 292 292 292 292 292 292 292 292 293 293 292 291 292 292 291 290 289 289 290 290 289 290 291 291 292 293 293 294 294 296 296 297 297 297 297 296 296 296 297 297 297 297 296 297 297 297 296 296 -1.7e+308 -1.7e+308
290 290 290 290 289 289 289 289 289 289 289 291 291 291 291 291 291 292 292 292 292 292 291 292 292 292 292 291 291 291 290 289 289 290 290 289 289 290 291 291 292 292 293 293 294 296 297 297 296 296 296 296 296 296 296 295 296 296 296 296 296 295 296 -1.7e+308 -1.7e+308 -1.7e+308
289 289 289 288 288 288 288 288 287 288 289 289 290 289 289 291 291 291 291 291 291 291 291 291 291 291 291 290 289 289 289 289 289 289 288 288 289 289 289 291 292 292 293 293 294 295 295 295 295 296 296 296 295 295 295 295 295 295 295 294 295 295 294 295 -1.7e+308 -1.7e+308
288 288 288 288 288 287 287 287 287 288 288 289 289 289 289 290 291 290 290 290 290 290 290 290 290 290 290 290 290 289 288 289 289 289 289 289 289 289 290 291 292 292 292 293 293 294 294 294 294 294 295 295 295 294 294 294 294 294 295 295 295 295 294 294 -1.7e+308 -1.7e+308
286 286 286 286 286 287 287 286 287 287 288 288 288 289 289 289 289 289 289 289 289 289 289 289 290 290 289 289 289 289 289 289 288 288 288 288 288 289 289 289 290 292 292 293 293 293 294 294 294 293 292 292 293 293 293 292 293 293 293 293 294 295 294 293 -1.7e+308 -1.7e+308
285 285 285 285 285 286 286 286 286 287 287 288 287 288 288 288 289 289 288 288 288 289 288 289 289 289 289 289 289 289 289 289 288 288 288 288 288 288 289 290 290 291 292 292 292 292 293 293 293 292 292 292 292 291 291 291 292 292 292 292 293 293 293 294 293 292
285 284 285 285 285 285 286 286 286 286 286 287 287 287 287 287 287 289 289 289 289 288 288 288 288 288 288 288 288 288 288 288 288 288 288 288 288 288 289 289 289 290 290 290 291 292 292 292 291 291 291 291 291 291 290 290 290 290 292 291 291 293 293 293 293 291
283 283 283 284 284 284 285 285 285 285 285 286 286 286 286 286 287 287 288 288 288 287 287 287 287 287 288 287 287 287 287 288 288 288 288 288 289 289 289 289 289 290 290 290 290 292 292 291 291 290 290 290 290 289 290 289 290 290 290 290 291 292 293 292 292 290
283 283 283 282 282 282 282 283 283 284 284 284 285 285 286 286 286 286 286 286 286 286 286 286 287 288 288 288 288 288 288 287 287 288 288 288 288 288 288 289 289 289 290 289 290 290 290 289 289 289 289 289 288 288 288 288 288 289 289 290 291 290 290 289 289 289
281 281 280 281 281 281 281 282 282 283 283 283 283 284 284 285 285 285 285 286 286 286 286 286 286 287 287 287 287 288 288 288 288 288 288 288 288 287 288 289 289 289 289 289 289 289 289 288 288 289 288 288 288 287 287 287 287 288 288 290 290 289 289 289 288 287
278 278 279 279 279 279 279 280 280 281 282 282 282 282 283 283 283 283 284 284 284 285 285 285 286 286 286 287 286 286 286 286 287 287 287 288 288 288 288 288 289 288 289 289 288 288 288 288 287 287 287 288 287 287 286 286 287 287 287 287 287 287 287 287 286 285
277 277 278 278 278 278 278 279 279 280 280 281 281 281 281 282 282 282 282 283 284 284 284 285 285 285 285 285 286 286 286 286 286 287 286 287 288 288 288 288 288 288 288 289 288 288 288 288 287 287 287 287 287 287 286 285 286 286 286 287 286 286 286 285 285 284
276 276 276 278 278 278 278 278 278 277 278 278 -1.7e+308 -1.7e+308 -1.7e+308 -1.7e+308 -1.7e+308 -1.7e+308 -1.7e+308 -1.7e+308 -1.7e+308 -1.7e+308 283 283 283 284 284 284 284 285 285 286 286 286 286 287 287 287 287 288 288 288 288 288 287 289 288 287 286 287 286 286 286 286 285 285 285 286 286 286 285 284 284 284 283 282
274 274 274 275 276 276 276 276 277 277 277 277 -1.7e+308 -1.7e+308 -1.7e+308 -1.7e+308 -1.7e+308 -1.7e+308 -1.7e+308 -1.7e+308 -1.7e+308 -1.7e+308 -1.7e+308 -1.7e+308 282 283 283 284 283 284 284 285 286 286 286 286 286 286 286 287 288 287 287 287 287 288 288 287 286 286 286 286 285 285 285 284 284 285 285 284 283 283 283 282 281 281
272 273 273 273 273 274 274 274 275 275 -1.7e+308 -1.7e+308 278 -1.7e+308 -1.7e+308 -1.7e+308 -1.7e+308 -1.7e+308 -1.7e+308 -1.7e+308 -1.7e+308 -1.7e+308 -1.7e+308 -1.7e+308 -1.7e+308 -1.7e+308 284 284 284 284 284 284 285 284 285 286 285 286 286 286 286 287 287 286 287 287 287 286 286 287 286 287 286 285 285 285 285 284 284 283 282 281 281 280 280 279
271 271 271 272 272 272 273 274 274 274 275 276 276 -1.7e+308 -1.7e+308 -1.7e+308 -1.7e+308 -1.7e+308 -1.7e+308 -1.7e+308 -1.7e+308 -1.7e+308 -1.7e+308 -1.7e+308 -1.7e+308 -1.7e+308 -1.7e+308 -1.7e+308 284 283 284 284 285 284 284 286 285 286 285 285 285 286 286 286 286 286 286 286 286 287 286 286 285 285 285 285 284 283 283 282 281 280 279 279 278 278
267 268 269 269 269 270 270 272 -1.7e+308 -1.7e+308 -1.7e+308 -1.7e+308 -1.7e+308 -1.7e+308 -1.7e+308 -1.7e+308 -1.7e+308 -1.7e+308 -1.7e+308 -1.7e+308 -1.7e+308 -1.7e+308 -1.7e+308 -1.7e+308 -1.7e+308 -1.7e+308 -1.7e+308 -1.7e+308 -1.7e+308 282 282 284 284 284 284 284 284 285 285 285 285 284 285 285 285 285 285 286 285 285 285 286 285 285 285 284 283 282 281 280 280 278 278 277 277 277
266 266 267 268 268 269 -1.7e+308 -1.7e+308 -1.7e+308 -1.7e+308 -1.7e+308 -1.7e+308 -1.7e+308 -1.7e+308 -1.7e+308 -1.7e+308 -1.7e+308 -1.7e+308 -1.7e+308 -1.7e+308 -1.7e+308 -1.7e+308 -1.7e+308 -1.7e+308 -1.7e+308 -1.7e+308 -1.7e+308 -1.7e+308 -1.7e+308 -1.7e+308 281 282 283 284 284 284 284 284 284 284 284 285 284 285 284 284 284 285 285 284 284 285 285 285 284 284 283 281 280 280 278 277 277 275 275 275
-1.7e+308 264 264 266 -1.7e+308 -1.7e+308 -1.7e+308 -1.7e+308 -1.7e+308 -1.7e+308 -1.7e+308 -1.7e+308 -1.7e+308 -1.7e+308 -1.7e+308 -1.7e+308 -1.7e+308 -1.7e+308 -1.7e+308 -1.7e+308 -1.7e+308 -1.7e+308 -1.7e+308 -1.7e+308 -1.7e+308 -1.7e+308 -1.7e+308 -1.7e+308 -1.7e+308 -1.7e+308 -1.7e+308 281 282 282 282 283 284 284 284 284 284 284 284 284 284 283 283 285 284 284 283 283 283 284 283 283 282 280 279 278 277 275 275 274 274 273
